T: Gene names	MFN1_1	MFN1_2	MFN1_4	WT_1	WT_3	WT_4	MFN1	WT
C1qb	21.7813	22.2565	21.3678	22.4239	26.2222	22.7244	21.80186667	23.79016667
Fcer1g	21.7065	24.1914	19.9998	25.2037	22.0526	25.9839	21.9659	24.4134
Vps52	20.728	22.219	20.0965	22.9688	21.4617	21.5861	21.0145	22.00553333
Igtp	22.5479	22.7755	21.0334	22.8759	24.0931	25.5095	22.11893333	24.1595
Gbp2	22.4307	21.9125	22.178	22.4653	24.578	25.2914	22.17373333	24.11156667
Cd68	21.1778	21.6109	21.4142	25.0327	26.0415	25.4923	21.40096667	25.52216667
Iigp1	20.8478	21.5919	20.656	21.6796	22.6415	25.1101	21.0319	23.14373333
Tap1	21.6624	21.9146	21.4327	22.8589	24.1586	25.3126	21.6699	24.11003333
C1qa	22.3017	22.4079	20.6852	23.3681	24.7275	25.3029	21.79826667	24.46616667
Igha	21.7694	20.5809	21.2063	22.5532	21.3373	24.426	21.18553333	22.77216667
Tapbp	22.1343	21.3306	22.0935	23.2808	23.6728	24.6711	21.8528	23.8749
Ncf4	20.7066	20.1155	20.1345	21.2481	24.1129	22.4005	20.31886667	22.58716667
Cdc42	24.4981	21.9567	21.7211	21.1197	22.025	21.8393	22.7253	21.66133333
Tgtp1	20.4968	21.0348	21.4718	20.5982	23.016	23.3147	21.00113333	22.30963333
Isg15	21.0415	23.9096	23.1056	23.6182	25.4107	25.1562	22.68556667	24.72836667
Ifi205a	22.3066	23.1331	21.9459	23.7577	25.0666	25.4456	22.46186667	24.75663333
Chmp2a	20.1065	21.3945	21.1049	22.0029	23.828	23.9483	20.86863333	23.25973333
Hk3	22.737	22.8448	21.2756	23.8819	25.5278	25.3467	22.2858	24.9188
Tap2	23.0185	23.3969	22.8567	23.9225	24.6014	26.3158	23.0907	24.94656667
Plek	23.3491	22.2083	22.4023	24.686	24.8383	25.2622	22.65323333	24.92883333
Unc93b1	21.082	23.0703	21.5767	24.7161	25.2574	25.1762	21.90966667	25.0499
Oasl2	21.4226	21.2045	21.864	23.4376	23.689	23.9829	21.49703333	23.70316667
H2-D1;H2-L	24.7341	25.0217	24.617	25.8986	26.9256	27.2176	24.79093333	26.6806
Ctss	25.5452	25.5533	24.4096	26.2868	27.9023	27.5743	25.16936667	27.25446667
Fam105a	21.7844	21.6054	21.6145	23.3166	23.9005	23.775	21.6681	23.66403333
Pyhin1	24.1564	24.3876	23.7532	26.1217	26.9583	27.1049	24.09906667	26.7283
Cd180	24.4938	23.8205	23.7281	25.6842	25.8516	26.929	24.01413333	26.15493333
Pon3	24.0334	23.0445	22.4509	24.6387	25.7016	25.6338	23.17626667	25.3247
Tmem173	23.2403	23.1135	22.6635	25.087	24.9678	26.1715	23.00576667	25.40876667
Stat1	26.4123	26.5135	25.7411	26.9559	27.7303	28.8137	26.2223	27.8333
Tgm2	23.9752	24.2296	23.1819	25.2306	26.4388	26.2301	23.79556667	25.9665
Ifi204	25.3016	25.7404	24.9819	26.8589	28.1342	28.1575	25.3413	27.71686667
Esyt1	21.4216	20.9788	20.7486	22.7585	23.1384	23.0859	21.04966667	22.99426667
Tlr3	21.4984	21.6789	20.8999	22.4045	24.2626	24.205	21.35906667	23.62403333
Inpp5d	24.2679	24.3772	23.7375	25.6466	27.2208	26.7461	24.12753333	26.53783333
Mpeg1	22.5005	23.24	22.384	24.787	25.992	25.364	22.70816667	25.381
Psmb10	21.7018	20.9919	22.1926	23.3786	24.2205	23.7081	21.62876667	23.76906667
Crybb1	25.8393	25.627	25.3371	27.4305	28.243	28.3145	25.60113333	27.996
Gbp4	21.5031	21.7052	21.4406	21.8161	21.9521	24.1957	21.54963333	22.65463333
Ifit1	22.9872	22.9805	22.3502	22.9869	24.8363	24.7346	22.77263333	24.18593333
Myo1f	23.5132	23.7368	23.0569	24.961	25.9615	25.8512	23.43563333	25.59123333
Rnf213	24.1308	24.1464	23.7599	24.3116	25.324	26.484	24.01236667	25.3732
Plcg2	23.7348	23.9634	23.563	25.4366	26.5472	26.351	23.75373333	26.1116
Fcgr2b;Fcgr2	23.269	23.4833	22.8796	24.6834	25.7367	25.9013	23.21063333	25.44046667
Abca9	23.1315	23.0481	22.2599	24.4018	25.707	25.1816	22.81316667	25.0968
Ncf1	23.021	23.1368	22.5276	25.0212	25.476	25.714	22.89513333	25.40373333
Casp1	22.0514	21.8779	21.0988	22.2882	24.4165	24.0078	21.67603333	23.57083333
Hck	22.7912	23.1574	22.5492	23.8195	25.1666	25.7606	22.8326	24.91556667
Ostf1	23.134	21.452	21.5739	24.0804	24.1297	24.6112	22.0533	24.27376667
Pld4	23.7186	24.0144	23.7663	25.2825	26.3406	26.4849	23.8331	26.036
Ptpn6	25.5282	25.6184	24.9532	26.8342	28.036	27.8432	25.3666	27.57113333
Ncf2	22.7848	23.2623	22.4409	23.7824	25.8074	25.5009	22.82933333	25.03023333
Lcp1	27.3951	27.3076	26.4133	28.1625	29.2684	29.4037	27.03866667	28.94486667
Stat2	21.6858	20.5102	21.1662	21.692	22.2973	22.6723	21.12073333	22.22053333
Capza1	24.275	22.2823	22.8952	24.7855	24.4798	25.7983	23.15083333	25.0212
Bst2	21.9175	20.3359	21.6731	22.0902	21.6336	22.7444	21.30883333	22.15606667
Fgd2	23.5431	23.7991	23.0983	24.9165	26.139	25.9193	23.48016667	25.65826667
Vav1	24.1634	24.6569	24.0517	25.7331	26.9191	26.4782	24.29066667	26.3768
Aif1	24.4235	25.0711	24.4158	26.1046	27.0595	26.9482	24.6368	26.7041
Dock2	25.143	25.1873	24.7326	26.6546	27.6356	27.3428	25.02096667	27.211
Rab32	22.7002	22.8795	22.5818	23.8573	25.62	25.1326	22.7205	24.86996667
Irgm1	23.7663	24.2754	23.5579	23.9964	25.2466	26.0128	23.86653333	25.08526667
Samhd1	25.9578	26.1575	25.6116	26.9824	27.9904	28.2343	25.90896667	27.7357
Oas3	20.484	19.8053	21.0554	21.8268	22.3341	22.1392	20.44823333	22.10003333
Ptpn1	24.2726	24.6115	23.6356	25.4945	26.7727	26.4608	24.17323333	26.24266667
Dhdh	21.8146	20.465	22.4581	23.2202	24.1057	23.3173	21.57923333	23.54773333
Pkn1	23.0904	22.5653	22.2584	23.0857	25.0344	23.7722	22.63803333	23.9641
Dguok	22.653	20.6124	22.3857	23.3232	22.8088	24.0301	21.8837	23.38736667
Pmm2	23.5496	23.6192	23.0636	23.4942	25.7682	24.9371	23.4108	24.73316667
C4b	21.1133	21.7692	20.726	22.8521	22.4195	22.8153	21.20283333	22.69563333
Cbfb	21.349	21.229	21.2969	20.2249	23.4182	23.3346	21.29163333	22.3259
Pik3ap1	21.616	22.0838	21.4777	23.0246	23.7527	24.3324	21.72583333	23.70323333
Hprt1	23.7085	23.6067	23.0699	24.6803	25.9065	25.2205	23.4617	25.2691
Tbxas1	21.7075	22.6841	21.6425	22.6435	24.7725	24.3858	22.01136667	23.93393333
Sp100	22.1437	22.2488	21.7413	23.0561	24.5591	24.7956	22.0446	24.13693333
C1qc	23.9124	24.0089	23.725	25.2863	25.7466	26.2826	23.8821	25.77183333
Ighg2b;Igh-3	21.2831	21.0129	20.4501	22.4329	22.6648	21.7607	20.91536667	22.28613333
Gbp9	23.959	24.1043	24.0952	25.2245	25.8182	26.5438	24.05283333	25.86216667
Mef2c;Mef2a;Mef2d	22.5979	21.5544	21.0348	24.0255	24.7512	24.0576	21.72903333	24.2781
Sh3bgrl3	24.6453	25.1349	24.6396	26.4427	26.6147	26.3753	24.8066	26.47756667
Dnajc13	24.5372	24.4251	23.7095	24.7136	26.1126	26.2653	24.22393333	25.69716667
Abi3	22.2949	23.0299	22.3041	23.5851	25.6519	23.8412	22.54296667	24.3594
Ifit2	21.4281	21.845	21.7468	21.2486	22.8419	23.8629	21.6733	22.65113333
Man2b1	22.0966	21.843	20.8214	21.9079	24.346	23.2949	21.587	23.18293333
Ddx58	23.2784	23.085	22.6173	23.6557	24.9956	24.7148	22.99356667	24.45536667
Nipsnap3b	22.1826	21.8757	21.6152	20.9465	20.7579	22.6311	21.89116667	21.44516667
Ikzf1	22.1477	21.1934	20.9132	23.7264	24.0641	24.1745	21.4181	23.98833333
Cyth4	21.0423	20.8497	21.265	23.0235	24.1882	24.1575	21.05233333	23.78973333
Itgam	25.7253	25.7964	24.8321	26.6749	27.9238	27.7635	25.45126667	27.45406667
Fam129a	22.5039	20.2886	21.342	22.664	21.4304	23.2278	21.37816667	22.44073333
Lgmn	23.5991	23.062	23.2859	24.5876	23.8604	25.6949	23.31566667	24.7143
Anxa11	24.4321	25.0768	23.7721	25.193	27.033	26.3244	24.427	26.18346667
Il16	22.6285	21.8393	22.7932	24.7669	25.8559	24.3955	22.42033333	25.0061
Hk2	25.6419	25.6813	25.1091	26.9606	27.731	27.7794	25.47743333	27.49033333
Vamp3	22.726	21.3538	21.2767	23.3741	23.3975	24.7956	21.7855	23.85573333
Ptprc	23.6483	23.841	23.6114	24.994	25.7063	26.0079	23.70023333	25.5694
Casp8	21.2224	21.5017	20.6542	21.7961	24.0447	23.5019	21.1261	23.11423333
Pddc1	21.4178	21.4987	20.6	22.5941	23.4564	22.7287	21.17216667	22.9264
Cdc37	23.1664	21.3448	23.1184	23.5	25.0963	24.4122	22.5432	24.33616667
Nmi	21.6005	21.8788	21.6954	22.3487	22.3796	24.2838	21.7249	23.00403333
Rps6ka1	25.7396	25.7135	24.8683	26.655	27.7365	27.3862	25.44046667	27.25923333
Smap2	24.5509	24.2373	23.6183	25.3565	26.1362	25.864	24.1355	25.78556667
Psme2	25.921	26.0469	25.7223	26.6663	27.55	27.8862	25.89673333	27.3675
Pycard	24.2188	24.3012	23.8332	25.3701	26.3735	26.0269	24.11773333	25.9235
Lpcat2	26.6197	26.5638	26.1352	28.0942	28.3868	28.8074	26.43956667	28.42946667
Sh3kbp1	22.5834	22.6736	21.7149	23.2213	24.9568	24.0331	22.32396667	24.0704
Nampt	25.1956	25.4286	24.6079	25.6839	27.0112	26.5873	25.07736667	26.42746667
Lyn	24.6892	24.11	23.9204	25.2163	26.0336	26.2372	24.23986667	25.82903333
Nckap1l	25.7794	25.8754	25.3115	26.8077	27.8981	27.7237	25.65543333	27.4765
Ptgs1	26.3518	26.4065	25.6902	27.5879	28.5622	28.1683	26.1495	28.10613333
Lgals9	23.3065	23.3255	23.1284	24.4541	25.5294	25.212	23.25346667	25.06516667
Lnpep	23.7325	23.5799	23.2115	24.2472	25.0172	24.9186	23.50796667	24.72766667
Itgb2	26.172	26.2046	25.6085	27.2041	28.1257	28.1453	25.99503333	27.82503333
Fermt3	25.808	26.101	25.3713	27.0129	27.7873	27.766	25.7601	27.52206667
Hmha1	23.3978	23.0624	22.9031	24.6272	25.2399	25.2129	23.1211	25.02666667
Zbp1	21.6621	21.9398	22.0965	21.8461	23.1946	23.1382	21.89946667	22.7263
Psme1	27.3324	27.4347	26.9922	28.1478	28.9516	29.1881	27.2531	28.7625
Acox3	22.8889	22.8223	22.2572	24.5055	24.0626	24.833	22.65613333	24.46703333
Hpgds	23.2074	23.5173	22.7471	24.6082	25.5566	25.1906	23.15726667	25.11846667
Rab3il1	22.409	22.6341	21.9317	23.1424	24.3326	24.4206	22.32493333	23.9652
Tmem109	21.4935	21.99	21.5823	22.7435	23.4681	23.3337	21.6886	23.18176667
2210016F16Rik	22.6717	22.5903	22.0706	22.4859	24.0377	23.7061	22.4442	23.4099
Snx18	23.7032	22.761	21.9573	24.0347	23.2015	24.6104	22.80716667	23.94886667
Gbp5	21.6198	22.3533	21.7574	22.4642	23.3079	23.2795	21.91016667	23.0172
Eif2ak2	23.1168	22.8955	22.4257	23.6425	24.7614	24.8267	22.81266667	24.4102
Clic1	25.286	25.6102	24.9969	26.2284	27.3252	27.0763	25.2977	26.87663333
Gatm	25.0842	24.9161	23.8805	25.5853	26.104	25.9038	24.62693333	25.86436667
Pml	23.2815	23.3358	22.8974	23.8221	24.9542	25.2147	23.17156667	24.66366667
Ctsh	23.3109	23.9374	23.3276	24.4015	25.4625	25.2282	23.5253	25.03073333
Bin2	25.4617	25.6057	25.1549	26.8179	27.8187	27.6223	25.40743333	27.41963333
Arrb2	23.6134	23.695	23.2984	24.8291	25.76	25.416	23.5356	25.33503333
Wasf2	24.6709	24.5567	24.0894	25.808	26.7793	26.5806	24.439	26.3893
Vrk1	23.7231	21.9511	23.5114	24.4775	25.2665	24.8358	23.06186667	24.85993333
Mapk14	21.3669	21.6411	21.3828	21.7516	23.9137	22.987	21.4636	22.8841
Tpd52	23.4356	24.0183	23.4008	25.2686	26.0368	25.4749	23.61823333	25.59343333
Mogs	22.9768	22.9055	21.8086	23.0885	24.0307	23.732	22.56363333	23.61706667
Arhgef7	21.5681	22.9149	21.4155	23.1562	23.7733	23.8696	21.96616667	23.5997
Lgals3bp	23.9717	22.9677	22.5656	23.9336	24.2643	24.5753	23.16833333	24.25773333
Ehd4	25.3621	25.3244	24.7928	26.2401	27.4153	27.0562	25.15976667	26.90386667
Fkbp15	22.9774	22.7465	21.8894	23.1263	24.8863	24.3539	22.53776667	24.12216667
Ctsz	25.1374	25.6526	25.0216	26.2047	27.1409	27.2954	25.27053333	26.88033333
Hcls1	25.5161	25.8593	25.4792	26.8741	27.9453	27.4013	25.6182	27.4069
Syk	23.1397	23.1144	22.6459	25.2908	25.4738	25.2932	22.96666667	25.3526
Tmem119	22.1732	22.8927	22.4611	23.8802	24.3797	24.8534	22.509	24.3711
Rufy1	22.2305	21.3687	21.3705	22.7706	23.0316	22.8408	21.65656667	22.881
Cd9	25.432	25.1806	24.9001	25.7767	26.9138	27.0508	25.1709	26.58043333
Gnpda1	24.0672	24.5634	23.4648	24.3092	25.9593	24.7514	24.0318	25.00663333
Cd48	20.3901	21.9635	21.281	22.2514	23.0041	22.7354	21.21153333	22.66363333
Daglb	22.0046	22.4975	22.423	22.7742	23.4553	23.4187	22.30836667	23.21606667
Galk2	22.4571	22.5753	22.3483	23.0253	24.1184	23.9968	22.46023333	23.7135
Ifi47	21.029	20.9397	21.9132	21.7158	22.663	22.825	21.29396667	22.40126667
Fmnl1	22.8408	23.0978	22.7921	23.8064	25.3879	24.7892	22.91023333	24.66116667
Anxa3	28.0421	28.1976	27.471	29.2841	30.1542	29.7775	27.90356667	29.7386
Pald1	23.8002	23.6628	23.179	25.1346	26.1918	25.7538	23.54733333	25.6934
Gsdmdc1	22.6899	23.2219	22.7768	23.1045	24.8147	24.6831	22.8962	24.20076667
Ighg2c	22.2319	22.3741	22.8034	23.0011	22.9227	25.2598	22.4698	23.72786667
Sec11a	22.6413	22.5574	21.8758	23.0505	24.0284	23.7742	22.35816667	23.6177
Ash2l	21.7438	21.4679	20.9515	22.8452	22.7788	20.6668	21.38773333	22.09693333
Gdi2	28.0333	27.5071	26.6321	27.904	28.8155	28.6612	27.39083333	28.46023333
Uba7	21.4384	21.105	21.8628	20.7877	22.9404	23.0863	21.46873333	22.27146667
Pla2g15	23.0116	22.8014	21.9031	23.9946	24.2931	24.7082	22.57203333	24.33196667
Kctd12	27.1791	27.1509	27.0713	28.3273	28.9293	28.99	27.13376667	28.74886667
Stk24	21.8198	21.5987	21.7609	21.5572	24.2967	21.542	21.72646667	22.4653
Entpd1	23.771	24.0662	23.3523	24.851	26.1145	25.3873	23.72983333	25.45093333
Coro1a	27.6359	27.8533	27.5314	28.9939	29.5156	29.6681	27.67353333	29.39253333
Prkcd	23.819	23.5287	23.6512	24.2939	25.1369	24.849	23.6663	24.75993333
Vamp8	23.7645	24.0949	23.876	25.2905	25.9814	26.0717	23.9118	25.7812
Nmral1	22.9821	22.9053	21.7739	23.6393	24.1392	23.1716	22.55376667	23.65003333
Arhgdib	25.5291	25.8954	25.3531	27.16	27.6279	27.7712	25.59253333	27.5197
Limd2	22.039	22.1949	21.5882	23.1007	24.7468	23.9525	21.9407	23.93333333
Gusb	23.2207	22.3887	21.9098	23.4362	22.9068	23.8911	22.5064	23.41136667
Dscr3	22.4233	21.9903	21.4632	22.4537	22.6559	23.317	21.95893333	22.80886667
Evl	22.8243	23.2463	22.7007	24.6601	25.0049	25.0477	22.92376667	24.90423333
Cmtr1;Gm28043	22.2042	21.2384	21.2182	22.5456	22.6457	23.0505	21.5536	22.74726667
Acot9	22.8963	22.7505	22.645	23.146	23.624	24.2476	22.76393333	23.67253333
Fkbp5	22.844	22.7806	22.5036	24.3983	25.2486	24.4098	22.7094	24.68556667
Bin1	26.393	26.2367	25.9939	27.1718	27.6348	27.798	26.20786667	27.53486667
Prkcb	24.0127	24.1685	23.325	24.3823	25.5896	24.9554	23.8354	24.97576667
Ifitm3;Ifitm2	21.8506	22.1019	21.8725	22.0055	22.8061	23.7418	21.94166667	22.85113333
Fam49b	26.4921	26.4486	26.3099	27.3921	27.4778	28.0495	26.41686667	27.6398
Cryl1	25.0813	25.3231	24.8138	26.141	27.3444	26.2913	25.07273333	26.59223333
Smarcd2	21.5052	22.3485	21.9581	23.5153	21.1603	23.7722	21.93726667	22.81593333
Psmb8	24.2211	24.7268	24.1862	25.2677	26.0109	25.7477	24.37803333	25.67543333
P2yr13	23.0914	23.2656	22.9358	24.5526	25.2231	24.9108	23.0976	24.8955
Msn	27.7143	27.8722	27.6072	28.7459	29.7722	29.5303	27.73123333	29.34946667
Gns	23.9623	23.952	23.7285	24.4482	25.4956	25.4177	23.88093333	25.1205
Vps39	21.9352	21.4387	20.8796	21.7145	21.9957	23.2339	21.41783333	22.3147
Clint1	24.6436	24.807	24.5085	25.4754	26.3396	26.4634	24.65303333	26.0928
Hmox2	24.5415	24.6259	24.2093	25.3045	26.3452	25.9778	24.4589	25.87583333
M6pr	25.3805	25.0469	24.7179	26.2745	26.0661	26.8954	25.04843333	26.412
Ugt1a7c	23.0473	23.6918	23.0409	24.6529	25.3569	25.0716	23.26	25.02713333
Tomm34	22.2008	21.8055	21.7219	23.0743	22.4053	23.0473	21.9094	22.8423
Camk1	23.6292	23.2034	22.6195	24.1622	24.9668	24.6397	23.1507	24.58956667
Gnai2	27.3423	27.1716	26.8351	27.8141	28.558	28.8384	27.11633333	28.4035
Scamp2	24.2308	23.3001	23.9105	25.272	24.0391	25.9163	23.8138	25.0758
Ncstn	22.3701	20.9973	21.2509	22.6954	23.1214	23.3651	21.53943333	23.06063333
Spcs2	23.7644	23.4367	23.0075	23.7455	24.5105	24.5249	23.40286667	24.2603
Rgs10	26.0443	26.7108	26.6374	28.4065	28.6614	28.1202	26.46416667	28.39603333
Ppm1h	22.0184	22.3627	22.334	22.554	23.8402	23.0336	22.23836667	23.1426
Apbb1ip	23.6828	23.8674	23.8348	24.9158	25.6826	25.6118	23.795	25.4034
Rab8a	24.543	24.5071	24.2307	24.6327	25.9411	25.5028	24.42693333	25.35886667
Lamp1	25.5606	25.7967	25.3122	25.9228	27.1136	27.1377	25.5565	26.7247
Stk4	22.9246	23.2911	22.8262	23.4111	24.6856	24.4259	23.01396667	24.1742
Prcp	21.5776	21.8443	21.1451	21.7033	23.3054	21.9729	21.52233333	22.3272
Rrbp1	27.5395	27.5054	27.3566	28.5823	29.2829	29.3273	27.46716667	29.06416667
Srgap2	24.2616	24.1095	23.7563	25.6118	26.0807	25.7514	24.04246667	25.81463333
Asph	25.5427	25.4201	24.5643	25.9746	26.7036	26.8112	25.1757	26.49646667
Plxnb2	24.5124	24.5469	24.0769	24.8303	25.8419	25.9839	24.37873333	25.55203333
Arpc4	25.8788	25.7939	25.3095	25.7446	27.2947	26.7165	25.66073333	26.58526667
Ywhah	27.609	27.8497	27.3245	28.3118	29.5058	29.0499	27.5944	28.95583333
Ankrd44	21.9729	22.0466	22.0503	22.2513	24.8201	23.0381	22.02326667	23.36983333
Fyb	22.2814	22.3047	22.3149	23.7613	24.469	24.5835	22.30033333	24.27126667
Atp5j2	26.7546	25.9206	25.8533	26.9116	26.2351	27.1238	26.17616667	26.75683333
Aldh18a1	21.6694	21.9431	21.7319	22.0087	22.6453	23.3778	21.78146667	22.67726667
Akr1b1	27.1604	27.4122	27.2685	27.9638	28.9894	28.6767	27.28036667	28.5433
Elmo1	25.4796	25.5153	25.0062	26.5657	27.2745	26.9865	25.3337	26.94223333
Rhog	26.0065	26.1942	25.7252	26.8968	27.4659	27.6565	25.9753	27.33973333
Skap2	22.2786	22.4441	22.3755	23.4074	23.973	24.4478	22.36606667	23.94273333
P2rx7	22.652	22.4311	22.7114	23.182	24.071	24.1817	22.59816667	23.81156667
Serpinb9	23.4452	23.4633	22.5152	23.1846	24.4259	24.3113	23.14123333	23.97393333
Mob1b;Mob1a	23.6862	23.7852	23.4933	24.6029	25.1129	24.8656	23.6549	24.86046667
Abhd12	26.515	26.4483	26.4022	27.6406	27.7819	27.9225	26.45516667	27.78166667
Rnpep	25.4626	25.5044	25.0035	26.0167	26.5225	26.4674	25.3235	26.33553333
Rab14	27.3908	26.5869	26.8286	27.5857	27.9804	28.3433	26.93543333	27.9698
Pla2g4a	21.673	20.7311	21.3952	21.174	22.1952	22.2868	21.26643333	21.88533333
Npl	24.7891	25.1501	24.8674	25.8541	26.5159	26.2484	24.93553333	26.20613333
Ifit3;I830012O16Rik	25.2516	25.4047	25.4741	25.7357	26.1957	26.6174	25.3768	26.18293333
Hpcal1	22.4967	22.3006	21.9887	22.4793	23.6892	23.4371	22.262	23.20186667
Anxa4	25.3346	25.5262	25.2701	26.1036	27.3417	27.6601	25.37696667	27.03513333
Cept1	22.1913	21.7301	21.9685	23.1819	21.3666	23.4985	21.9633	22.68233333
Csk	22.7937	23.2862	22.6498	23.7612	25.3368	24.4863	22.9099	24.5281
Arpc1b	25.9854	26.1838	26.0901	27.0366	27.5098	27.5213	26.08643333	27.3559
Snx17	22.3558	22.523	22.2719	22.5586	24.3847	23.296	22.38356667	23.4131
Cndp2	27.2172	27.4114	27.0537	27.9082	28.8185	28.4165	27.22743333	28.38106667
Was	22.3725	22.3511	22.5037	23.8467	25.003	24.3761	22.4091	24.4086
Sparc	22.5669	22.9312	22.952	24.5225	23.4697	24.1178	22.8167	24.03666667
Actr2	26.3118	26.3626	26.1009	26.3792	27.5132	27.2181	26.25843333	27.03683333
Twf2	25.7783	25.887	25.6231	26.5975	27.7348	27.1709	25.7628	27.16773333
P2ry12	26.0123	25.9284	25.9684	27.1869	27.6208	27.8358	25.9697	27.54783333
Ckmt1	26.3792	25.7597	25.2253	26.4935	26.7582	27.4795	25.78806667	26.9104
Tln1	27.2721	27.3294	27.1588	28.1551	28.8288	28.6022	27.25343333	28.5287
Pld3	25.4942	25.8416	25.1395	25.7368	27.2097	26.5011	25.49176667	26.48253333
Erp29	25.6892	25.8819	25.4066	26.1414	27.2222	26.8845	25.65923333	26.74936667
Sh3glb1	24.368	24.5905	24.1427	25.0391	26.136	25.4059	24.36706667	25.527
Capzb	27.3718	27.4174	27.0694	27.8558	28.6252	28.7851	27.2862	28.42203333
Myh9	28.9122	28.8011	28.6642	29.9259	30.1691	30.5615	28.7925	30.21883333
Taldo1	28.8723	29.073	28.4251	29.3926	30.369	29.8559	28.79013333	29.8725
Pdia6	26.9192	26.5157	26.3741	27.1309	27.4778	27.8024	26.603	27.47036667
Fscn1	26.7356	26.9195	26.0561	27.3557	28.2388	27.4371	26.5704	27.6772
Pacsin2	24.9594	25.0881	24.8921	25.8219	26.6788	26.4307	24.97986667	26.31046667
Pgd	26.8152	26.7554	26.4075	27.0602	27.7405	27.8114	26.65936667	27.53736667
Gvin1	21.6964	21.9066	21.0542	21.728	22.4676	22.514	21.5524	22.23653333
Parvg	22.0508	21.9183	21.4577	22.814	21.8927	23.8988	21.80893333	22.8685
Spata13;Arhgef9;Arhgef4	20.605	20.1526	20.7051	20.7747	21.8077	21.4906	20.48756667	21.35766667
Manf	24.5566	24.9889	24.118	24.9639	25.5666	25.7281	24.5545	25.41953333
Rp2	23.8512	23.5663	23.6022	24.6035	24.7875	24.8907	23.67323333	24.76056667
Tpm3;Tpm3-rs7	28.2403	28.203	27.9743	29.1225	29.893	29.7194	28.1392	29.5783
Vps26a	25.449	25.539	25.1519	25.8839	26.8561	26.3323	25.37996667	26.35743333
Hist1h1a	26.3161	26.6607	26.2837	27.7296	28.0231	28.1887	26.42016667	27.98046667
Anp32a	27.3886	27.0781	26.9904	27.9969	28.3373	28.5225	27.15236667	28.28556667
Ap3s2	21.6868	21.6191	21.4773	21.7204	21.9131	22.1873	21.5944	21.94026667
Pdk1	21.8731	21.8367	21.4522	22.2057	23.0786	23.0463	21.72066667	22.77686667
Pdia3	29.5763	29.6759	29.3045	29.9948	30.6356	30.5072	29.5189	30.3792
Rcc2	25.0399	25.0798	24.9564	25.7347	26.5966	26.3358	25.02536667	26.22236667
Itga6	23.1667	23.2182	23.4255	23.4385	24.4173	24.5803	23.27013333	24.14536667
Stx7	25.5003	25.746	25.9152	26.6744	27.4819	26.827	25.7205	26.99443333
Sgpl1	26.2543	26.2247	26.1784	26.8791	27.4901	27.6081	26.21913333	27.32576667
Ap1s2	22.2186	22.4872	21.9339	22.6406	24.0146	23.6223	22.21323333	23.42583333
Cotl1	28.5776	28.7893	28.6255	28.9621	30.1937	29.6589	28.66413333	29.6049
Arpc2	27.2656	27.2383	26.9793	27.5796	28.3748	28.3429	27.16106667	28.0991
Ebp	23.4043	23.5659	23.8227	24.4559	24.7341	24.9365	23.59763333	24.70883333
Bag1	22.7238	22.8823	23.0093	23.2303	24.2573	24.078	22.8718	23.8552
BC017643	23.377	23.3202	23.0838	24.212	25.0611	26.0758	23.26033333	25.1163
Ap3b1	25.2631	25.3396	24.7798	25.6695	26.3856	26.1071	25.1275	26.05406667
Chmp1a	22.5148	22.7484	22.544	22.0227	23.7897	22.7116	22.6024	22.84133333
Ctsd	28.7587	29.2254	28.8952	29.7942	30.3653	29.9712	28.95976667	30.04356667
9030624J02Rik	23.3166	23.0151	22.7621	23.654	24.1664	24.3329	23.03126667	24.0511
Rab7a	27.2079	26.9312	26.6831	27.3509	28.0494	27.8468	26.94073333	27.74903333
Gmpr2	23.37	23.7381	24.0127	24.2243	24.7968	23.9902	23.70693333	24.3371
Capza2	26.4908	26.2854	26.1764	26.9251	27.0996	27.3388	26.31753333	27.12116667
Ddi2	21.3716	21.4269	20.9816	21.8907	22.2407	22.0838	21.26003333	22.07173333
Tpd52l2	23.9068	23.8992	23.8276	24.8051	25.2744	25.0472	23.87786667	25.04223333
Pycr2	23.9795	23.5615	23.7067	24.0544	24.6727	24.747	23.74923333	24.49136667
Grb2	24.1332	24.4572	24.7173	25.1539	25.8017	25.1995	24.4359	25.38503333
Rab8b	24.2048	24.1757	24.0325	24.9916	25.2579	25.704	24.13766667	25.31783333
Pgm2	25.0112	25.096	24.8589	25.4303	26.3889	25.9725	24.9887	25.93056667
Coro1b	26.1303	26.3397	26.2401	26.4996	27.5879	27.1512	26.2367	27.07956667
Ppt1	26.394	26.4592	26.3408	27.5762	27.6906	27.6294	26.398	27.63206667
Vwa5a	26.0299	26.035	25.8839	26.5317	27.1613	26.9428	25.98293333	26.8786
Lamp2	24.5012	24.7347	23.9118	24.444	25.7989	25.307	24.38256667	25.1833
Tpp2	22.418	22.439	22.2262	20.4844	22.6835	22.791	22.36106667	21.9863
Lcp2	22.0835	22.2051	22.4371	22.558	23.3664	23.1898	22.2419	23.03806667
Rps6ka5	24.0298	23.7487	23.287	24.1638	24.9501	24.3909	23.6885	24.5016
Gls	23.791	23.5894	23.7834	23.4836	25.0223	24.546	23.72126667	24.35063333
Ap1m1	24.481	24.397	24.0947	24.763	25.5869	25.21	24.32423333	25.18663333
Cap1	27.6337	27.8517	27.8946	28.2522	28.8132	29.0582	27.79333333	28.70786667
Prep	23.7346	23.6169	23.0822	23.2273	24.6291	24.1822	23.4779	24.01286667
Snx5	26.242	26.4275	26.125	26.95	27.8371	27.2819	26.26483333	27.35633333
Cyfip1	27.2782	27.1009	26.9547	27.5645	28.1267	28.2552	27.11126667	27.98213333
Hexb	28.5436	28.8094	28.3181	29.1649	29.8889	29.409	28.55703333	29.4876
Uggt1	25.9134	25.9814	25.5437	26.2449	27.0825	26.946	25.81283333	26.7578
Erap1	24.2345	24.7151	23.9944	24.3111	25.3953	24.913	24.31466667	24.87313333
Myl12b	26.2834	26.2685	26.0565	26.8457	26.9686	27.319	26.2028	27.04443333
Stt3a	25.8407	25.8602	25.8356	26.2998	26.6649	26.8164	25.8455	26.5937
Itgb1	24.1526	24.1768	23.5008	24.5281	24.9219	25.4202	23.9434	24.95673333
Nans	23.777	23.8461	23.663	24.5558	25.1608	24.8269	23.76203333	24.84783333
Srp72	24.867	24.3533	23.9329	25.0036	25.135	25.435	24.3844	25.1912
Myl12a	20.8774	20.4629	20.5393	21.1435	21.1579	22.5355	20.62653333	21.6123
Ap3s1	22.5739	21.9585	22.7131	22.051	24.2162	23.2638	22.41516667	23.177
Efhd2	27.8913	27.8469	27.9506	28.4	28.8467	29.0678	27.89626667	28.7715
Ap1g1	23.7607	23.7417	23.3711	23.8269	24.3903	24.6393	23.6245	24.2855
Blvra	25.1815	25.4349	24.9213	25.2119	26.6237	25.8391	25.17923333	25.89156667
Pip4k2a	25.351	25.1237	25.1966	25.8754	26.2295	26.3561	25.22376667	26.15366667
Capn1	21.3704	21.2691	21.3532	21.6528	22.1902	22.3427	21.3309	22.0619
Gltp	24.0379	24.3675	24.0048	24.528	26.3405	24.9754	24.13673333	25.2813
Lsp1	25.3974	25.5078	25.633	27.2046	27.1457	26.8993	25.51273333	27.0832
9030617O03Rik	22.7893	22.752	22.8814	22.9847	23.735	23.9738	22.80756667	23.5645
Psma6	26.4276	26.2718	26.4487	26.7822	26.3925	27.0666	26.3827	26.7471
Lpcat3	23.7098	23.8072	23.4396	24.2337	24.4159	24.3042	23.6522	24.31793333
Ccdc22	23.4221	23.3972	23.1058	23.4711	24.8334	23.9976	23.30836667	24.1007
Rap1gds1	25.8915	25.6167	25.4393	26.104	26.3911	26.4705	25.64916667	26.32186667
Rpl10a	27.2044	26.697	26.4943	26.892	27.066	27.5067	26.79856667	27.1549
Dpp3	24.3089	24.2327	23.5643	24.3211	24.521	24.8626	24.0353	24.56823333
Ogfr	22.812	22.6422	23.0755	23.1337	23.4442	23.3972	22.84323333	23.32503333
Pdcd6ip	26.2898	26.45	26.1013	26.4894	27.2947	27.0235	26.28036667	26.93586667
Hexa	24.9865	25.3147	24.6291	25.431	26.0202	25.7604	24.97676667	25.7372
Got2	27.5946	27.754	27.4201	27.8703	28.6246	28.4775	27.58956667	28.32413333
Rps6ka4	21.2001	21.1758	20.9426	21.5187	22.4081	22.4824	21.10616667	22.1364
Actr3	26.4195	26.4645	26.5374	26.8553	27.0897	27.2095	26.4738	27.0515
Cfl1	29.7658	29.853	29.8449	30.058	30.1261	30.6247	29.82123333	30.2696
Ppp1r12a	23.3628	23.3331	23.5843	24.8458	25.0294	25.1021	23.42673333	24.99243333
Atl3	24.5059	24.4138	23.945	24.6972	25.3743	25.1387	24.28823333	25.07006667
Ankfy1	23.031	22.891	22.4052	23.1462	23.6706	23.9381	22.77573333	23.58496667
Cltc	30.1719	29.9632	29.707	30.0641	30.6668	30.7515	29.94736667	30.49413333
Hsp90b1	29.5125	29.3863	29.3893	29.8649	30.0209	30.3678	29.42936667	30.08453333
Hsd17b11	26.1852	26.1385	25.5794	26.0125	26.6087	26.4963	25.9677	26.3725
Ganc	22.7186	22.2915	22.4986	22.8974	23.0649	23.379	22.5029	23.11376667
Pecr	22.6203	22.8077	22.8969	23.1602	23.8742	23.9393	22.77496667	23.6579
Cd82	22.2481	21.8719	21.6728	22.2019	22.5029	22.7521	21.93093333	22.48563333
Sfn	27.1322	27.0576	27.0526	26.5428	25.6279	24.9287	27.0808	25.6998
Galm	22.4615	22.5649	22.234	22.6382	23.8493	23.6264	22.42013333	23.3713
Snx2	26.8125	26.8631	26.7345	27.2431	27.963	27.7279	26.80336667	27.64466667
Picalm	25.6852	25.8387	25.7626	26.4396	27.2942	26.8295	25.76216667	26.85443333
Fkbp2	24.2235	24.4801	24.2334	24.0066	25.2469	25.0993	24.31233333	24.78426667
Stat3	24.2342	23.8913	23.8946	24.3294	23.9407	24.8438	24.0067	24.3713
Rap1a	26.3514	26.3757	26.1913	26.4794	27.5368	27.2841	26.30613333	27.1001
Dnajc7	22.909	23.1208	22.965	23.0542	24.145	23.6689	22.99826667	23.6227
Vars	26.0748	25.8616	25.985	26.329	26.8085	26.6857	25.9738	26.60773333
Rps15a	25.3222	25.2612	24.9436	25.2866	25.8188	25.7903	25.17566667	25.6319
Rab1A	27.8689	27.7486	27.36	27.8794	28.2227	28.0979	27.65916667	28.06666667
Myg1	23.4606	23.5662	23.2157	23.4262	24.4376	23.8554	23.41416667	23.9064
Psmb3;Gm4950	25.0693	24.8029	24.3363	24.8711	24.6726	25.0805	24.73616667	24.87473333
Pnp	26.4898	26.7771	26.3355	26.9427	27.8563	27.0233	26.53413333	27.2741
Fnbp1	23.9057	23.9048	23.7998	23.8837	24.9343	24.1497	23.8701	24.32256667
Parp1	26.1749	26.0379	25.8199	26.5815	26.962	27.19	26.0109	26.91116667
Asah1	27.1483	27.2915	27.0885	27.8781	28.4682	27.8686	27.1761	28.07163333
Slc12a9	22.5185	22.1542	22.4918	22.8573	22.8474	23.0444	22.38816667	22.91636667
Rragc;Rragd	24.0132	23.8625	23.4134	23.9501	24.487	24.4125	23.76303333	24.2832
Eml4	23.3631	23.5695	23.2246	24.4391	24.9247	25.3689	23.38573333	24.9109
Csf1r	24.0929	24.3374	24.3482	25.1233	25.3659	25.537	24.2595	25.34206667
Ap1b1	24.3033	24.0243	23.6165	23.7024	24.4244	24.4266	23.98136667	24.18446667
Ppm1g	24.2905	24.4301	24.4754	24.9604	25.6617	25.1964	24.39866667	25.27283333
Cisd2	22.5457	22.8353	22.7232	23.0329	24.096	23.4866	22.7014	23.5385
Aldh3a2	25.6488	25.7093	25.2699	25.7875	26.4933	26.3247	25.54266667	26.20183333
Arpc5	24.8574	25.3058	25.2048	25.8663	26.2748	26.1884	25.12266667	26.10983333
Arl8b	26.4402	26.5197	26.228	26.9985	27.2415	27.3318	26.39596667	27.1906
Ap3d1	25.0493	25.249	24.758	25.1158	25.965	25.8049	25.01876667	25.62856667
Akr1a1	26.4588	26.6625	26.3655	26.8504	27.7537	27.1649	26.4956	27.25633333
Scamp3	22.3891	22.3587	22.4826	22.5275	22.9209	23.4227	22.41013333	22.95703333
Coro1c	24.3175	24.3918	24.1594	24.6131	25.5467	25.0092	24.28956667	25.05633333
Naga	25.1433	25.5571	25.1682	25.4875	26.412	25.5551	25.28953333	25.8182
Tbc1d5	21.4336	20.7808	21.3109	21.7567	22.2888	21.2384	21.1751	21.7613
Snx1	24.6317	24.392	24.4378	25.1733	25.9676	25.5529	24.48716667	25.5646
Mat2a	25.2225	24.9903	24.6728	24.9696	25.7469	25.4177	24.96186667	25.37806667
Hspa5	29.4916	29.5415	29.5657	29.8164	30.1138	30.2876	29.53293333	30.0726
Cmas	24.6036	24.8457	24.9327	24.9213	25.8802	25.4316	24.794	25.41103333
Arhgdia	28.6307	28.7241	28.6423	29.1987	29.5557	29.5203	28.6657	29.4249
Hmgb2	25.9673	25.64	26.13	26.3958	26.7827	26.8107	25.91243333	26.66306667
Ppp1r7	25.5815	25.4979	25.2075	25.3201	26.3764	25.9842	25.42896667	25.89356667
Nmt1	24.972	24.9117	24.6576	25.2904	25.296	25.6719	24.8471	25.41943333
Ppp1ca	26.1126	25.9838	25.6265	26.3381	26.231	26.3041	25.90763333	26.29106667
Bcap31	25.6799	25.4222	25.2452	25.7587	26.6665	26.3723	25.4491	26.26583333
Ctsa	23.3226	23.7314	23.7757	24.0341	24.9239	24.4598	23.6099	24.4726
Pdia4	27.7637	27.7695	27.5066	27.7307	28.3576	28.5018	27.67993333	28.1967
Ppib	27.6046	27.7714	27.201	27.5075	29.1032	28.3604	27.52566667	28.3237
AI837181;Bles03	22.0827	21.8859	22.1006	21.7997	23.2939	22.282	22.02306667	22.45853333
Wars	24.946	24.973	24.8433	24.738	25.3468	25.001	24.92076667	25.0286
Gak	21.9854	21.9972	21.9473	22.1491	22.4638	22.2305	21.97663333	22.28113333
Rps9	27.048	26.8307	26.6967	26.8757	27.5291	27.4237	26.85846667	27.27616667
Ssr1	24.2577	24.0827	24.4984	24.9238	25.1273	25.2552	24.2796	25.1021
Lipa	22.0535	22.1641	22.0459	22.1686	23.2108	22.2131	22.08783333	22.53083333
Wdr1	27.3974	27.6179	27.3306	27.6353	28.3093	27.9237	27.44863333	27.9561
Vamp7	22.218	22.3197	21.934	22.2373	22.7846	22.9731	22.15723333	22.665
Hist1h1b	29.1397	29.3956	29.1325	29.9882	30.5047	30.3729	29.2226	30.2886
Snd1	27.1444	27.1719	27.099	27.56	27.974	27.971	27.13843333	27.835
Prmt1	25.3447	25.3281	25.0392	25.6922	26.2707	25.951	25.23733333	25.9713
Rprd1b	23.9857	23.7293	23.7815	24.434	24.7426	24.8322	23.83216667	24.6696
Commd7	22.8665	22.9465	22.8313	23.2054	24.568	24.0237	22.88143333	23.93236667
Set	27.0239	26.822	26.8356	27.5923	27.953	27.81	26.89383333	27.7851
Cmpk2	24.8695	25.093	24.5189	24.3898	25.4243	24.8758	24.82713333	24.89663333
Anxa7	25.3181	25.5663	25.5339	25.7243	26.4625	26.0595	25.47276667	26.0821
Gars	24.6201	24.889	24.9622	25.0409	25.7359	25.5029	24.82376667	25.42656667
Vps16	23.2561	23.0839	23.2171	23.2392	24.0078	23.969	23.1857	23.73866667
Mapk3	26.7272	26.9555	26.7881	27.0257	27.792	27.3986	26.8236	27.40543333
Hn1l	22.0485	22.0604	22.094	22.9228	25.0885	22.8886	22.06763333	23.6333
Gabpa	22.961	22.4896	22.681	23.0596	23.6768	23.2943	22.71053333	23.34356667
St13	27.0585	26.9442	26.6999	27.047	27.6043	27.6251	26.90086667	27.42546667
Lta4h	26.1402	26.123	25.8978	26.4948	26.5593	26.8664	26.05366667	26.64016667
Dnajc8	24.5671	24.9633	24.8351	25.4388	25.8545	25.8576	24.7885	25.71696667
Eif3g	24.1538	23.9313	23.7205	24.3234	24.9017	24.6504	23.9352	24.62516667
Omg	22.4481	22.5715	22.4122	21.2906	22.3789	22.8984	22.47726667	22.1893
Isoc1	24.4027	24.736	24.9214	24.7262	25.5704	25.2018	24.6867	25.16613333
Rps16	27.3365	27.4668	27.0747	27.2364	27.9084	27.5296	27.29266667	27.55813333
Npepl1	22.995	23.1213	22.731	23.6533	23.4145	23.7206	22.9491	23.59613333
Rab11b;Rab11a	27.3251	27.4243	27.2628	27.7301	28.2469	28.0386	27.3374	28.0052
Apeh	23.9653	23.7658	23.5436	23.8378	24.8201	24.3682	23.75823333	24.34203333
Apip	22.7057	22.7973	22.8582	23.4225	22.7854	21.844	22.78706667	22.68396667
Gnas	25.9367	25.7372	25.4908	25.6225	26.2068	26.2063	25.72156667	26.01186667
Pag1	22.3067	22.1541	22.6296	23.5743	23.6442	23.9298	22.36346667	23.7161
Rac1	27.1436	27.2334	27.2312	27.2012	27.1638	27.8325	27.20273333	27.39916667
Thop1	24.3056	24.5819	24.4189	24.8003	25.4926	25.0293	24.43546667	25.1074
Psmd11	26.1615	25.7967	25.6041	26.0537	25.6343	25.9706	25.8541	25.8862
Sae1	24.6203	24.6785	24.865	24.9653	25.7212	25.2948	24.72126667	25.3271
Vps35	27.0022	26.8182	26.8265	27.2138	27.434	27.5839	26.8823	27.41056667
Cmpk1	25.8316	25.9725	25.826	26.1555	26.3251	26.42	25.8767	26.3002
Actn4	27.0641	27.0614	26.9365	27.321	27.7115	27.939	27.02066667	27.65716667
Renbp	24.7022	24.7115	24.6356	25.3381	25.4342	25.8762	24.6831	25.5495
As3mt	24.8045	24.8336	24.7597	24.9798	25.4396	25.2765	24.79926667	25.23196667
Hyou1	26.3338	26.1532	26.2161	26.724	26.7581	27.0605	26.23436667	26.84753333
Bag5	22.3423	22.2559	21.8734	22.3072	22.3492	22.5349	22.1572	22.3971
Rars	24.7403	24.7312	24.6343	25.0047	25.5085	25.3828	24.70193333	25.29866667
Sqrdl	25.9604	26.0632	25.9854	26.5117	27.1395	26.7599	26.003	26.8037
Mlec	26.8495	26.8246	26.7895	27.2169	27.6022	27.406	26.8212	27.40836667
Tsnax	23.4788	23.5934	23.3834	23.5028	24.5189	24.3529	23.4852	24.12486667
Sub1	26.251	26.1047	26.238	26.7959	26.846	27.3322	26.1979	26.99136667
Dnase1	21.5362	21.6699	21.5637	21.7327	23.7349	22.3263	21.58993333	22.59796667
Eef1d	27.5201	27.3437	27.2284	27.6842	27.8923	28.0897	27.36406667	27.88873333
Naa15	22.6604	22.6157	22.8192	22.4115	20.6297	23.0986	22.69843333	22.0466
Nars	25.0351	24.8877	24.7342	25.2769	25.0697	25.1926	24.88566667	25.17973333
Lrp1	25.4826	25.2236	25.341	25.7532	25.8926	25.7157	25.34906667	25.78716667
Ola1	24.5315	24.3272	24.2724	24.5519	24.5588	24.876	24.37703333	24.66223333
Alg5	22.296	22.3307	22.5397	22.9052	22.9306	23.3031	22.3888	23.0463
Coro7	24.6143	24.8452	25.0414	24.6261	25.5842	25.068	24.83363333	25.09276667
Gsr	23.6342	23.5404	23.4819	24.1649	23.8761	24.1207	23.55216667	24.0539
Tmem30a	24.0537	24.2006	23.9371	24.5553	25.4939	24.7096	24.0638	24.9196
Anxa6	28.4863	28.2549	28.1302	28.4116	28.581	28.8493	28.29046667	28.61396667
Gaa	23.5547	23.6511	23.6977	23.7139	24.0944	23.7712	23.6345	23.85983333
Rnh1	26.4584	26.5328	26.5087	26.9252	26.8281	27.0592	26.49996667	26.9375
Rps20	27.2917	27.4083	27.1323	27.0069	27.5074	27.4873	27.27743333	27.33386667
Rab5c	26.791	26.8386	26.4674	26.8159	27.1896	26.8429	26.699	26.94946667
Sugt1	24.1874	24.2155	24.072	23.9371	24.612	24.3956	24.1583	24.3149
Dnm2	26.7799	26.6738	26.6171	26.9586	27.7641	27.1773	26.69026667	27.3
Psma7	26.7457	26.9961	26.6335	26.6966	27.3455	27.2536	26.79176667	27.09856667
Pak2	25.5432	25.7662	25.5434	25.8825	26.7296	26.0688	25.6176	26.22696667
Tcea1	24.908	25.0379	24.705	25.3273	25.7379	25.7357	24.88363333	25.6003
Rps8	27.3871	27.2242	26.9854	27.4092	27.5796	27.9658	27.1989	27.65153333
Rela	22.9124	22.7683	22.7319	23.2379	24.2093	24.1806	22.8042	23.87593333
Esd	25.0475	25.2007	25.2885	25.311	25.4876	25.5374	25.1789	25.44533333
Fam45a	23.4876	23.3038	23.357	23.8231	24.4777	23.9712	23.3828	24.09066667
Ufl1	23.8159	23.7789	23.7609	23.989	24.0924	24.0499	23.78523333	24.04376667
Nras	22.4685	22.3849	22.4713	22.4674	22.8039	22.6609	22.44156667	22.64406667
Srp68	24.7515	24.776	24.5283	24.6863	25.3697	25.2681	24.68526667	25.10803333
Pitpna	25.7374	25.8225	25.7446	25.9855	26.175	26.4375	25.76816667	26.19933333
Rpl21	25.2666	25.1961	25.3289	25.3378	25.2422	25.8019	25.26386667	25.46063333
Asl	23.9983	24.1928	24.0392	24.5961	24.5094	24.8612	24.07676667	24.65556667
Acp6	23.0285	22.8054	22.6665	22.9506	23.6868	23.2234	22.83346667	23.28693333
Ppp6c	22.5337	22.3687	22.2904	22.6119	21.3741	22.5625	22.3976	22.18283333
P4hb	28.6905	28.7299	28.4668	28.8248	29.3344	29.0073	28.62906667	29.0555
Rps19	27.3461	27.4596	27.1189	27.1628	27.8336	27.4531	27.3082	27.48316667
Rab18	24.7244	24.7556	24.5165	24.3953	25.1918	24.5556	24.6655	24.71423333
Ykt6	24.3361	24.4231	24.0796	24.3095	25.46	24.4723	24.2796	24.74726667
Rpn2	26.8315	26.8276	26.6853	26.9909	27.0466	27.0716	26.78146667	27.03636667
Rab1b	25.8695	25.7233	25.7542	26.1202	25.5912	26.444	25.78233333	26.0518
Rpl5	27.3388	27.148	27.3333	27.494	27.4254	27.7389	27.27336667	27.55276667
Tmx1	23.935	23.9297	23.8044	23.8962	24.3909	24.162	23.8897	24.1497
Gm20425;Tf	25.4791	25.654	25.3323	25.8588	26.4543	25.9917	25.48846667	26.1016
Stx12	24.2975	24.184	24.4492	24.4903	24.9128	24.964	24.31023333	24.78903333
Vps29	25.757	25.832	25.6577	26.0379	26.6259	26.0655	25.7489	26.2431
Rpl38	24.7396	24.9436	24.6894	24.8711	25.4877	25.0399	24.79086667	25.1329
Rpn1	27.706	27.7628	27.5627	27.8791	28.2825	28.0445	27.67716667	28.0687
Cul5	24.1887	24.2928	24.0667	24.1806	24.8019	24.4951	24.18273333	24.49253333
Phb2	26.9729	26.8611	26.8764	27.0507	27.4523	27.5345	26.90346667	27.34583333
Sart3	24.8844	24.6209	24.629	25.2485	25.5541	25.3171	24.71143333	25.37323333
Psma4	26.1717	26.3783	26.2292	26.3534	26.8628	26.6352	26.25973333	26.61713333
Gpd1l	25.5907	25.7674	25.8264	25.5813	26.1541	25.9659	25.72816667	25.90043333
Eif4g1	24.7013	24.7068	24.8284	24.8406	24.7586	25.2965	24.7455	24.96523333
Hspa4	27.554	27.5786	27.6027	27.9991	27.9357	28.1618	27.57843333	28.0322
Rps3a	27.8587	27.9082	27.7989	27.8026	28.4671	28.2158	27.85526667	28.16183333
Uba2	25.8862	26.0201	25.9119	26.1931	26.8406	26.4171	25.9394	26.4836
Dcps	25.8805	25.7812	25.7115	26.2565	26.6956	26.446	25.79106667	26.46603333
Ncl	29.5011	29.3302	29.4058	29.7199	29.9781	29.8661	29.41236667	29.8547
Ldha	28.745	28.7368	28.6977	28.7225	29.0791	28.9648	28.7265	28.92213333
Ppid	25.6235	25.5968	25.6164	25.6706	26.0717	25.8152	25.61223333	25.8525
Mapk1	27.0944	27.0799	27.0603	26.9803	27.4965	27.1617	27.0782	27.21283333
Ahcy	27.4997	27.6261	27.4407	27.5251	27.8603	27.7514	27.52216667	27.71226667
Psma1	26.6228	26.7945	26.8547	27.0268	27.1481	27.1117	26.75733333	27.09553333
Dnajc9	22.4355	22.2884	22.2984	22.2744	22.4056	22.4735	22.34076667	22.3845
Eef1g	27.59	27.7544	27.5826	27.5559	27.7989	27.7459	27.64233333	27.70023333
Psmd5	24.6543	24.7538	24.6266	24.2787	24.7003	24.5159	24.67823333	24.4983
Hdlbp	26.4446	26.4859	26.5773	26.6678	27.1834	26.8735	26.5026	26.90823333
Vdac2	28.7525	28.7647	28.7527	28.822	29.3072	28.9045	28.75663333	29.01123333
Sec31a	25.335	25.2257	25.3098	25.7685	25.0864	25.646	25.29016667	25.5003
Stx4	22.9489	22.9692	23.0039	23.1478	22.9559	23.9134	22.974	23.33903333
Dek	26.5462	26.5657	26.5431	26.939	27.197	27.0597	26.55166667	27.06523333
Txnrd2	23.7282	23.8104	23.7436	21.5596	24.0689	22.6849	23.76073333	22.77113333
Copg1	25.2146	25.2326	25.2034	25.0801	25.0689	25.2235	25.21686667	25.12416667
Cfap20	23.1156	23.1177	23.113	23.0202	23.045	22.958	23.11543333	23.00773333
Pcca	27.2779	27.0966	27.1378	27.1475	26.6857	27.0977	27.17076667	26.97696667
Pgk1	30.2338	30.3031	30.1705	29.9109	29.5809	29.7404	30.2358	29.74406667
Emc1	26.3448	26.3431	26.2753	26.135	25.9657	25.9441	26.32106667	26.01493333
Tkt	30.7782	30.861	30.8542	30.6471	30.9012	30.4225	30.83113333	30.65693333
Slc14a1	22.0651	21.8537	22.0921	21.7467	21.6356	20.8011	22.00363333	21.39446667
Gapdh;Gm3839	31.8748	31.7794	31.9433	31.5232	31.4956	31.147	31.86583333	31.3886
Cct2	26.75	26.8908	26.898	26.8377	27.3119	26.3728	26.84626667	26.8408
Ddx1	27.244	27.2036	27.3726	27.2823	27.569	27.2619	27.2734	27.37106667
Oxct1	28.2286	28.3777	28.4552	27.9976	28.1417	28.0197	28.35383333	28.053
Nnt	27.6747	27.7473	27.7426	27.5553	27.9814	27.6265	27.72153333	27.72106667
Sept9	25.6677	25.4839	25.5825	25.4612	24.7595	25.4516	25.57803333	25.2241
Slc25a4	31.5727	31.7376	31.7081	31.1842	31.4809	31.2893	31.6728	31.31813333
Nop56	27.1984	27.2868	27.2174	27.0022	26.8994	26.9122	27.2342	26.93793333
Fmr1	22.3454	22.3475	22.2486	21.2578	22.3057	22.5813	22.31383333	22.04826667
Lrpap1	26.0738	26.0071	26.0635	26.0453	25.9547	25.8388	26.04813333	25.94626667
Decr1	27.3268	27.2697	27.3192	27.0792	26.7599	26.8633	27.30523333	26.9008
Psmd4	23.9448	24.1609	24.1916	24.0127	23.7308	23.7825	24.0991	23.842
Ctcf	23.828	24.0681	23.9022	23.9812	23.7426	23.5796	23.93276667	23.7678
Sf3a3	26.3809	26.3447	26.128	26.3648	25.8048	25.5741	26.28453333	25.91456667
Echs1	27.8377	27.9834	28.1077	27.6608	27.2663	27.6472	27.97626667	27.52476667
Tardbp	28.4138	28.2691	28.2819	28.1508	27.7311	27.7241	28.3216	27.86866667
Letm1	26.9891	26.9917	26.8219	26.7106	26.8067	26.7998	26.93423333	26.77236667
Atp5o	27.5083	27.4389	27.7432	27.4224	27.28	27.3654	27.56346667	27.35593333
Nap1l4	26.2153	26.0224	26.2456	26.1271	25.6582	25.9064	26.1611	25.89723333
Txnl1	26.0564	26.097	26.0989	26.0841	25.7544	26.0695	26.0841	25.96933333
Paxbp1	23.3765	23.222	23.1255	22.9556	23.426	22.7823	23.24133333	23.05463333
Eif1ax;Gm5039;Eif1a	25.4497	25.5755	25.706	25.6079	25.3387	25.3351	25.57706667	25.42723333
Glg1	26.6044	26.5288	26.4576	26.1502	25.4454	25.9727	26.53026667	25.8561
Smarce1	24.8495	24.8893	25.0962	25.3091	24.8297	24.8486	24.945	24.9958
Ik	24.6815	24.6162	24.6098	24.794	24.5023	24.4783	24.63583333	24.59153333
Pfkp	26.8391	26.945	27.0789	26.4662	25.228	25.7823	26.95433333	25.8255
Rbm8a	26.8124	27.0104	26.8597	26.7699	26.5065	26.4717	26.89416667	26.5827
Eif4a2	26.2996	26.0639	26.331	26.0279	25.7059	25.8409	26.2315	25.85823333
Tfrc	22.7601	22.6968	22.5171	22.2686	22.2888	22.4116	22.658	22.323
Nploc4	24.1145	24.0177	24.0094	23.7312	23.9352	23.5379	24.0472	23.73476667
Atp5f1	28.485	28.5827	28.5337	28.2439	28.5898	28.2739	28.5338	28.3692
Gpd2	28.6409	28.6065	28.6729	28.2666	28.0921	28.1353	28.6401	28.16466667
Cyp20a1	24.0587	23.9643	24.2043	23.6827	23.9524	23.7998	24.07576667	23.81163333
Cbr1	26.8993	26.9263	27.2025	27.0913	26.4453	26.644	27.00936667	26.72686667
Csde1	24.8766	24.9535	24.8593	24.8609	25.0705	24.6505	24.89646667	24.86063333
Gna13	26.7993	26.5042	26.6619	26.403	26.391	26.4401	26.65513333	26.41136667
Hnrnpc	29.0837	29.013	29.0194	28.9253	28.8046	28.6	29.0387	28.77663333
Pgam1	29.0613	29.1111	29.3584	28.8001	27.886	28.417	29.17693333	28.3677
Map1lc3a	20.6288	20.6049	20.7621	20.2477	25.7832	20.598	20.66526667	22.20963333
Rabggta	22.4584	22.6065	22.5159	21.5996	21.993	22.2038	22.52693333	21.93213333
Clptm1	23.1671	22.9182	22.9327	22.889	22.5612	22.7998	23.006	22.75
Hspa4l	25.6108	25.5313	25.5135	25.2281	24.905	24.7588	25.55186667	24.96396667
Itm2b	23.7572	23.9391	23.8388	23.55	23.8423	23.7638	23.84503333	23.7187
Clasp2	25.3941	25.4115	25.5073	25.3688	24.9825	25.5623	25.43763333	25.30453333
Ndufa9	26.3376	26.1907	26.5373	26.1656	25.5986	26.1795	26.3552	25.98123333
Smc1a	28.028	28.0961	28.0279	28.0397	27.9647	27.7289	28.05066667	27.9111
Rbbp4	27.4946	27.4973	27.202	27.4054	26.5853	26.8792	27.39796667	26.95663333
Slc3a2	28.4843	28.5477	28.5733	28.4186	28.0967	28.3076	28.5351	28.2743
Hnrnpul2	28.4485	28.5307	28.7942	28.5349	28.0535	28.4341	28.59113333	28.34083333
Srrt	26.6427	26.7588	26.9321	26.9917	26.7125	26.606	26.77786667	26.77006667
Sept2	26.8782	26.7914	26.7943	26.5463	26.2856	26.6345	26.8213	26.4888
Kpnb1	27.8288	27.9482	28.0178	27.9333	27.2682	27.4462	27.9316	27.54923333
Pcyt1b;Pcyt1a	24.0946	24.1002	24.2005	23.9028	24.1023	23.7494	24.13176667	23.91816667
Snap47	22.653	22.3535	22.4425	21.6369	21.4197	22.2239	22.483	21.76016667
Crat	25.3987	25.4244	25.4983	25.1869	25.1854	24.8642	25.44046667	25.07883333
Atp1a3	31.8414	31.7046	31.8076	31.3331	30.7593	31.2102	31.78453333	31.10086667
Mthfd1	27.642	27.7593	27.6579	26.2518	26.1394	26.6883	27.6864	26.35983333
Ddx21	27.236	27.2154	27.3371	27.3581	26.9899	27.0956	27.26283333	27.14786667
Idh2	29.8476	29.7463	29.5147	29.3343	29.3965	29.1192	29.70286667	29.28333333
Ech1	24.6608	24.3189	24.6052	24.5046	24.2735	24.2718	24.5283	24.34996667
Snw1	25.2898	25.226	25.5818	25.4687	25.248	25.1516	25.36586667	25.28943333
Rangap1	25.885	26.1104	26.1062	25.8794	25.7209	25.5471	26.03386667	25.7158
Nfs1	24.1404	24.2717	24.528	23.9203	24.1489	23.8932	24.31336667	23.98746667
Hibch	26.3919	26.2554	26.2789	26.0353	25.5424	25.7725	26.30873333	25.7834
Smarca2	25.9465	25.7493	25.8317	25.8804	25.6243	25.7683	25.8425	25.75766667
Sf3a1	27.3863	27.345	27.6729	27.457	27.0913	27.0897	27.46806667	27.21266667
Ubtf	25.8476	25.8267	25.8817	26.2901	26.0864	25.715	25.852	26.0305
Srsf2	28.0334	28.1322	28.1831	28.1272	27.4159	27.5719	28.11623333	27.705
Idh1	28.1691	28.3784	28.2645	27.8497	27.5489	27.3912	28.27066667	27.5966
Smarca5	27.3399	27.4201	27.6155	27.6212	27.038	27.0901	27.4585	27.24976667
Snrnp200	28.662	28.6511	28.6713	28.482	28.1032	28.0178	28.66146667	28.201
Htatsf1	24.3697	24.1468	24.4518	24.4355	23.9506	23.9626	24.32276667	24.11623333
Sucla2	28.1256	28.2166	28.2277	27.9204	27.8198	27.914	28.18996667	27.88473333
Wdr5	23.9156	24.3102	24.2063	23.8352	23.8945	23.7385	24.14403333	23.82273333
Ddx17	27.5679	27.6907	27.7361	27.548	27.6353	27.1195	27.6649	27.43426667
Uqcrc1	28.6246	28.8914	29.0199	28.5369	28.7957	28.2303	28.8453	28.52096667
Nup98	26.0429	26.0348	25.9983	25.9548	25.2906	25.3467	26.02533333	25.5307
Gstm5	29.8315	29.6407	29.9584	29.3568	27.4172	28.582	29.8102	28.452
Hnrnpa3	29.7916	29.6423	29.8976	29.8728	29.1741	29.5467	29.77716667	29.5312
Ipo7	25.2618	25.2555	25.4928	25.0571	24.7755	24.9054	25.3367	24.91266667
Eno1	31.7296	31.8061	31.9198	31.5155	31.1696	31.1704	31.8185	31.28516667
Snrpa	26.6357	26.8077	27.0508	26.7977	26.8277	26.5396	26.8314	26.72166667
Atp2a2	29.0579	29.0374	29.0548	28.6814	28.4832	28.5108	29.05003333	28.55846667
Ccar1	26.0106	26.1368	26.3163	26.0763	25.9436	25.6697	26.15456667	25.89653333
Aco2	31.5365	31.5622	31.5631	31.3053	31.0053	31.2123	31.55393333	31.1743
Polr2a	24.833	24.85	25.124	25.2703	24.6074	24.732	24.93566667	24.8699
Pygb	31.6115	31.4312	31.5209	31.1784	29.5676	30.3167	31.5212	30.35423333
Ndufs7	25.8732	25.8822	26.1493	25.5754	25.3033	25.426	25.96823333	25.4349
Nsdhl	25.0855	25.2382	24.8262	24.0102	23.4357	23.6368	25.04996667	23.69423333
Ddx3x;D1Pas1	26.7489	26.9241	27.1779	26.8267	26.5843	26.4467	26.9503	26.61923333
Ddx5	29.3663	29.4334	29.616	29.2785	29.1986	28.7855	29.4719	29.08753333
Rbm22	25.173	25.1999	25.3581	25.1967	25.0941	24.9528	25.24366667	25.0812
Fbll1	25.1551	25.2019	25.4513	25.0628	24.767	24.8988	25.26943333	24.90953333
Agk	23.8901	23.7439	23.9562	23.4182	23.5799	23.8235	23.8634	23.6072
Acadvl	28.0293	28.1961	28.2836	27.9824	27.8576	27.6256	28.16966667	27.82186667
Hnrnph1	28.6587	29.0109	28.6631	28.6454	28.4073	28.1575	28.77756667	28.4034
Chd4	27.6162	27.5461	27.7764	27.5769	27.0236	27.0555	27.64623333	27.21866667
Pdha1	28.58	28.6723	28.6908	28.3664	28.2615	28.2942	28.6477	28.30736667
Etfa	28.7853	28.9881	29.0346	28.6858	28.3569	28.5096	28.936	28.51743333
Rbm39	26.1991	26.0889	26.0097	26.1631	25.5082	25.674	26.09923333	25.78176667
Ndufb11	25.958	26.1821	26.4171	25.9458	25.2787	25.9504	26.18573333	25.72496667
Luc7l2	25.673	25.5714	25.8365	25.8391	25.0913	25.3433	25.69363333	25.42456667
Pitpnc1	23.8257	24.2165	23.9287	23.6099	22.8678	23.3709	23.9903	23.28286667
Hnrnpu	30.6712	30.6686	30.6614	30.5661	30.192	30.1868	30.66706667	30.31496667
Cdc5l	26.4183	26.2934	26.2185	26.4823	25.6622	26.0577	26.31006667	26.0674
Mcu	23.6798	23.4086	23.4953	23.5536	22.0137	23.6374	23.5279	23.06823333
Cbr3	26.7502	26.8934	27.1421	26.7665	25.8657	26.1761	26.92856667	26.26943333
Oat	27.8727	27.9917	27.9792	27.5104	26.9075	26.9625	27.94786667	27.1268
Acadl	29.4949	29.6385	29.5471	29.1418	29.0839	28.8733	29.56016667	29.033
Sart1	25.3289	25.2888	25.4312	25.5284	24.3619	25.2667	25.34963333	25.05233333
Mta2	26.2489	26.3419	26.5234	26.3043	25.831	25.8726	26.3714	26.00263333
Stag2	25.35	25.2328	25.3344	25.1919	25.1005	24.6817	25.30573333	24.99136667
Abr	25.5853	25.4123	25.4399	24.9775	24.4198	24.6878	25.47916667	24.69503333
BC026585	24.8511	25.1756	25.3007	24.6644	24.7401	24.8744	25.10913333	24.75963333
Hadhb	29.2665	29.3093	29.1942	28.8848	29.2528	28.5743	29.25666667	28.90396667
Smarcc2	27.3129	27.3751	27.5559	27.6424	27.2857	27.2423	27.41463333	27.39013333
Pcbp2	26.0529	26.3131	26.4909	26.307	26.4557	25.3311	26.28563333	26.03126667
Dhcr7	24.5513	24.4072	24.607	20.9775	22.1866	23.6604	24.52183333	22.27483333
Sptbn1	30.2023	29.8974	30.0501	29.677	29.2262	29.6971	30.04993333	29.53343333
Me1	26.4101	26.4783	26.1765	25.9488	24.7725	25.0328	26.35496667	25.25136667
Aldh1l1	30.2014	30.1182	30.3274	29.8949	28.353	29.1811	30.21566667	29.143
Hk1	29.5986	29.5538	29.4886	29.0454	29.0957	29.1157	29.547	29.0856
Epb4.1l2;Epb41l2	30.0141	29.6804	29.9912	30.028	29.2351	29.9568	29.89523333	29.73996667
Etfdh	27.8279	28.0165	28.1746	27.5994	27.727	27.4005	28.00633333	27.57563333
Rad21	26.0024	25.7968	25.9699	26.312	25.3832	25.9399	25.92303333	25.87836667
Rcc1	26.711	26.7788	26.8373	26.6697	26.4456	26.281	26.7757	26.46543333
Eftud2	27.7643	27.7464	27.8746	27.5941	27.2141	26.987	27.7951	27.26506667
Srsf1	28.89	28.9645	29.0023	28.7667	28.1165	28.0428	28.95226667	28.30866667
Snrpa1	26.8758	26.9032	27.2091	26.9998	26.7096	26.6048	26.99603333	26.7714
Appl2	25.7867	25.6076	25.6357	25.2902	24.5515	24.7868	25.67666667	24.87616667
Hist2h2ac;Hist2h2aa1	32.3539	32.3115	32.5148	32.5451	32.3054	32.1383	32.3934	32.3296
Pds5b	26.7743	26.7129	26.711	26.7548	26.2643	26.0944	26.73273333	26.37116667
Selenbp1;Selenbp2	26.8967	26.9188	26.8934	26.4575	25.9484	25.8073	26.90296667	26.07106667
Glul	32.0856	32.3045	32.5345	31.9806	30.6251	31.1728	32.3082	31.2595
Dkc1	26.0388	25.8868	26.0805	26.0826	25.6003	25.6367	26.00203333	25.7732
Acss1	26.9994	26.9913	26.7832	26.1555	26.0196	26.2669	26.92463333	26.14733333
Slc16a1	24.3555	24.5638	24.6407	24.7868	24.8983	24.8512	24.52	24.84543333
Nop58	27.2352	27.2283	27.5393	27.3457	26.2313	27.0856	27.33426667	26.88753333
Phkb	24.4805	24.3982	24.2477	23.806	23.0251	23.4392	24.37546667	23.42343333
Slc25a3	29.9496	29.9106	30.2245	29.6923	29.6449	29.7791	30.02823333	29.70543333
Sf3b3	28.7987	28.8594	28.9024	28.5956	28.4743	28.0852	28.8535	28.38503333
Map7d1	23.0653	23.0774	23.4228	23.4937	23.4817	22.8853	23.1885	23.2869
Agpat3	26.9616	27.0042	27.0778	26.5769	25.7533	26.0338	27.01453333	26.12133333
Pfkm	29.7436	29.6628	30.0804	29.431	27.7154	28.6759	29.82893333	28.60743333
Fabp5	27.2051	27.2837	27.2475	26.4723	25.8728	26.0362	27.24543333	26.1271
Sptan1	30.5485	30.2574	30.4303	30.0184	29.6516	30.0197	30.41206667	29.89656667
Ca2;Car2	29.8833	30.1074	29.7728	29.8025	29.95	28.7638	29.92116667	29.50543333
Mapre2	25.622	25.8264	25.8271	25.2288	25.0041	24.6703	25.7585	24.96773333
Cs	30.4148	30.3027	30.516	30.103	29.4927	29.638	30.41116667	29.74456667
Slc7a10	23.886	23.8269	23.9504	23.9632	22.1984	23.5156	23.88776667	23.22573333
Capns1;Capns2	24.9015	25.0426	25.0158	24.4357	24.2725	24.0677	24.98663333	24.25863333
Acbd3	25.4474	25.5044	25.7971	25.5315	24.5972	25.2269	25.58296667	25.11853333
Elavl1	27.4822	27.6167	27.7741	27.4481	27.3369	26.8664	27.62433333	27.21713333
Pygm	29.4362	29.4607	29.6556	29.1424	27.8053	28.0293	29.5175	28.32566667
Cbx5	25.3468	25.3517	25.8676	25.2078	24.5691	24.9609	25.52203333	24.9126
Nup85	25.997	25.8776	25.7767	25.3792	24.9568	25.1051	25.88376667	25.14703333
Sf3b1	27.9798	27.9929	28.1566	27.9177	27.0231	27.4843	28.0431	27.47503333
Glyr1	25.8631	26.016	25.8346	25.3792	25.7661	24.6495	25.90456667	25.26493333
Rnf2	23.5247	23.5479	23.5732	23.1468	23.3965	23.1845	23.5486	23.2426
Polr2b	25.2848	25.1517	25.3824	25.2873	24.3271	25.0523	25.27296667	24.8889
Rbm17	24.5696	24.7855	24.881	24.4299	24.2659	24.3016	24.74536667	24.33246667
Phgdh	29.3861	29.6207	29.7004	29.0792	28.9699	28.4845	29.56906667	28.84453333
Tst	29.3441	29.3809	29.5577	28.9566	27.8621	28.3443	29.42756667	28.38766667
Nup93	27.2418	27.3094	27.3353	26.9628	26.4981	26.4445	27.2955	26.63513333
Cstf3	24.014	23.7253	23.8407	23.7242	23.9213	22.8395	23.86	23.495
Pon2	27.4034	27.313	27.4173	26.923	26.0572	26.2058	27.3779	26.39533333
Ahctf1	24.6655	24.8265	24.7116	24.3263	23.568	23.3149	24.73453333	23.7364
Raly	27.457	27.5709	27.8357	27.6464	27.3359	27.2337	27.6212	27.40533333
Immt	29.2205	29.231	29.3563	28.997	28.8619	28.9642	29.26926667	28.94103333
Smc3	27.8619	27.7491	28.0482	28.0852	27.4307	27.6936	27.8864	27.7365
Eps15	25.6826	25.5556	25.5527	25.4195	24.8305	25.2177	25.59696667	25.1559
Hist1h4a	33.7795	33.6005	34.0014	33.5192	33.6956	33.2904	33.7938	33.50173333
Top2b	27.9442	27.8335	27.8895	27.6392	26.7887	26.883	27.88906667	27.10363333
Sympk	24.7218	24.3679	24.3913	24.4531	23.2898	23.9343	24.49366667	23.8924
Clybl	25.5203	25.6497	25.6752	25.1731	25.0851	25.1537	25.61506667	25.1373
Gar1	24.0519	24.4091	24.1272	23.6689	24.1359	22.4724	24.19606667	23.42573333
Cisd1	26.8851	27.0345	26.892	26.6146	26.3324	26.5095	26.9372	26.4855
Hspa2	26.5273	26.6749	26.828	25.3375	24.7739	25.6078	26.67673333	25.23973333
Mmab	22.3579	22.2308	22.5191	22.0608	22.122	22.1292	22.36926667	22.104
Tor1aip1	28.6562	28.5769	28.8584	28.5631	27.3431	28.0906	28.69716667	27.99893333
Tpm1	25.8297	26.0231	26.1241	25.6509	26.4871	25.6239	25.9923	25.92063333
Mccc2	25.7017	25.8022	25.9449	25.3649	25.4088	25.051	25.81626667	25.2749
Dhrs4	26.1012	26.1805	26.2613	25.7648	25.4133	25.2821	26.181	25.48673333
Ogdhl	26.7787	26.8344	27.1316	26.3483	26.166	25.9701	26.9149	26.16146667
Prpf40a	25.5979	25.7375	25.9982	25.7196	25.1902	25.3054	25.77786667	25.40506667
Ivd	28.5268	28.6267	28.8134	28.2315	28.1703	28.0364	28.65563333	28.14606667
Sfpq	30.1858	30.3323	30.4325	30.0108	29.6317	29.5821	30.31686667	29.74153333
Oplah	25.9633	25.9399	25.81	25.0734	24.1102	24.2989	25.9044	24.49416667
U2surp	26.144	26.1501	26.4105	26.1733	25.3565	25.7616	26.23486667	25.7638
Hnrnpr	28.4719	28.3635	28.5078	28.1344	27.4371	27.2262	28.44773333	27.59923333
Dlst	27.8329	28.1227	28.3397	27.7891	28.1983	27.4393	28.09843333	27.8089
Dhx9	29.332	29.2867	29.3025	29.1474	28.2355	28.6904	29.30706667	28.6911
Sf3b2	27.2098	27.1359	27.2181	27.1272	26.4113	26.8434	27.18793333	26.79396667
Gng12	25.0254	25.1242	25.7162	24.9789	24.0565	24.7173	25.2886	24.58423333
Ahcyl1	28.9988	28.8499	29.0969	28.742	27.3427	28.1415	28.98186667	28.0754
Qki	27.5625	27.5336	27.8125	27.7546	27.1647	27.0644	27.6362	27.3279
Eif4a3;Gm8994	28.0588	28.0528	28.3229	28.0374	27.4132	27.4651	28.14483333	27.63856667
Prpf8	28.5171	28.5043	28.6576	28.4706	27.6571	27.8207	28.55966667	27.9828
Sept11	27.8055	27.8957	28.0606	27.5037	26.6648	27.1662	27.9206	27.11156667
Thyn1	24.8701	25.0093	25.2967	24.6007	24.4922	24.3428	25.0587	24.47856667
Pcx;Pc	29.3773	29.3337	29.3714	28.8314	28.2615	28.3368	29.3608	28.47656667
Add1	26.8816	26.7828	27.047	26.3176	25.8277	25.9888	26.9038	26.0447
Por	25.2003	25.2646	25.6632	25.2732	24.9207	24.7714	25.37603333	24.98843333
Ddx23	26.2323	26.0421	26.2557	26.1439	25.1354	25.4956	26.1767	25.59163333
Kpna3	26.9727	26.861	26.758	26.8181	25.7751	26.2667	26.8639	26.28663333
Ank2	27.5094	27.4812	27.5889	27.0445	25.9747	26.756	27.5265	26.59173333
Tecr	27.1126	27.1828	27.3311	26.9422	26.215	26.4451	27.20883333	26.5341
Ergic3	23.5812	23.5459	23.9584	23.5738	23.0471	23.1981	23.69516667	23.273
Ncoa5	24.471	24.6042	24.8152	24.17	23.139	23.8307	24.63013333	23.71323333
FAM120A	26.4913	26.4091	26.6481	26.2532	25.8317	25.6718	26.51616667	25.9189
Sox2;Sox3;Sox21;Sox1	24.1873	24.1693	24.3841	23.8848	21.0767	21.6442	24.2469	22.2019
Idi1	25.4991	25.7151	25.4629	24.9128	21.2209	23.9475	25.55903333	23.3604
Nudt2	24.3173	24.2261	24.5418	24.1507	22.2521	23.5982	24.36173333	23.33366667
Snrnp40	24.8471	25.0001	24.894	24.6002	24.4941	23.8742	24.91373333	24.32283333
Prpf6	25.9853	25.9535	26.31	26.064	25.1964	25.4476	26.08293333	25.56933333
Agl	28.4006	28.3624	28.5766	28.1228	26.4523	27.343	28.44653333	27.30603333
Uqcrfs1	27.743	27.814	27.9302	27.5729	27.497	27.4718	27.82906667	27.5139
D10Jhu81e	27.4902	27.5844	27.6881	27.4852	27.0666	27.1409	27.58756667	27.2309
Adk	27.0446	27.0219	27.2575	26.4894	25.8111	25.599	27.108	25.9665
Ephx2	27.5912	27.5429	27.8495	27.1041	25.5492	26.5931	27.6612	26.41546667
Mfge8	25.5631	25.5182	26.0705	25.5406	24.9919	25.2116	25.71726667	25.24803333
Uso1	27.1082	27.1587	27.5564	27.3797	26.6012	27.01	27.27443333	26.99696667
Vcl	27.9805	27.8209	28.2606	27.928	27.4038	27.6013	28.02066667	27.64436667
Tpr	28.7848	28.78	29.072	28.8451	28.0617	28.3331	28.87893333	28.4133
Glud1	32.5688	32.5534	32.5454	32.2514	31.7789	31.8186	32.55586667	31.94963333
Dhrs1	26.405	26.6618	26.9549	26.3114	25.9415	26.254	26.6739	26.16896667
Acat2;Acat3	25.5642	25.8323	25.8469	25.2351	24.5397	24.4214	25.7478	24.73206667
Wbp11	24.2179	24.0126	24.3318	24.3244	23.065	24.0233	24.18743333	23.80423333
Pfn2	27.7965	27.6682	28.0529	27.664	25.6322	26.5326	27.8392	26.6096
Arglu1	25.1428	24.9098	25.4268	25.2742	23.8907	24.5313	25.1598	24.5654
Sec23a	23.7487	23.7556	23.7821	23.4934	23.0737	23.2512	23.76213333	23.27276667
Acox1	25.0153	24.6474	24.8661	24.4913	23.7272	23.7841	24.84293333	24.00086667
Nup205	26.7086	26.7801	26.682	26.5181	25.7812	25.9609	26.72356667	26.08673333
Ilf3	28.3547	28.2892	28.3597	28.2019	27.3557	27.6321	28.33453333	27.7299
Fundc2	24.4699	24.9174	24.6081	23.9077	24.0408	23.9947	24.66513333	23.98106667
Fbl	27.0259	27.1285	27.3359	27.256	26.4719	27.0027	27.16343333	26.9102
Echdc1	25.8691	25.7665	25.8889	25.3822	24.0464	24.3216	25.8415	24.5834
Hdgfrp2	24.9495	24.8577	25.2299	24.9302	24.6063	24.5445	25.01236667	24.69366667
Ak3	28.147	28.4848	28.6704	28.1907	27.8734	27.4647	28.43406667	27.84293333
Nup155	26.4318	26.5126	26.5235	26.2935	25.456	25.5247	26.4893	25.75806667
Psat1	28.9834	29.0882	29.2804	28.6428	27.7225	27.7023	29.11733333	28.02253333
Hadha	29.6634	29.8516	30.1424	29.5831	29.6213	29.2725	29.8858	29.4923
Sltm	24.9809	24.8412	25.2607	25.0842	24.5339	24.5321	25.0276	24.71673333
Ktn1	26.9623	26.8121	27.3224	27.1155	26.3565	26.5142	27.03226667	26.66206667
Fubp3	26.1562	26.4665	26.1654	25.8879	25.7944	25.2081	26.2627	25.63013333
Nono	29.1259	29.2767	29.4547	29.1225	28.3562	28.4257	29.28576667	28.6348
Srsf10	25.4104	25.1101	25.2432	25.5041	23.5373	24.606	25.25456667	24.54913333
Dbt	26.8226	27.0952	27.1688	26.9114	26.486	26.3294	27.02886667	26.5756
Myo6	27.3934	27.231	27.267	27.0187	25.6908	26.5456	27.29713333	26.41836667
Paics	26.7336	26.7498	27.0389	26.6109	25.4316	25.9614	26.84076667	26.0013
Mpp6	25.8707	25.6314	25.9698	25.6213	24.9407	25.2701	25.82396667	25.27736667
Hdac2	24.2489	24.0268	23.9566	23.9749	23.3058	23.1212	24.07743333	23.4673
Srrm1	25.3648	25.3692	25.6911	25.6799	24.6394	25.3073	25.47503333	25.20886667
Aldh7a1	27.9735	27.862	28.225	27.9003	26.5056	27.0941	28.02016667	27.16666667
Cpsf7	23.8397	23.3346	23.8267	23.753	23.2659	23.0677	23.667	23.3622
Snrpd1	26.6808	26.711	26.8653	26.7874	25.267	26.3722	26.75236667	26.1422
Nup133	25.2442	25.4024	25.2345	25.086	24.4123	24.4221	25.2937	24.64013333
Trove2	23.4149	23.2497	23.2392	22.6242	21.5046	21.5377	23.30126667	21.88883333
Pgm1;Pgm2	29.0594	29.0983	29.0909	28.677	27.2999	27.8436	29.08286667	27.94016667
Nup210	25.6858	25.7723	25.8781	25.4227	25.0022	24.8091	25.77873333	25.078
Aldh6a1	29.4458	29.3477	29.5615	28.9203	28.4484	28.3242	29.45166667	28.5643
Nr3c1	23.5691	24.1957	23.8019	23.4823	23.4034	23.296	23.85556667	23.3939
Slc25a20	26.207	26.3168	26.4797	25.8712	25.4464	25.4234	26.3345	25.58033333
Prkar2a	25.555	25.3067	25.6636	25.4458	24.4975	24.9524	25.50843333	24.96523333
Abat	30.2912	30.2108	30.4851	29.9845	28.6487	29.6366	30.32903333	29.42326667
Marc2	27.3345	27.5495	27.687	26.9641	26.9411	26.894	27.52366667	26.93306667
Cbs	25.6294	25.4718	25.9301	24.8652	23.3015	23.6859	25.6771	23.95086667
Son	25.8479	26.2062	26.3221	26.0858	25.7684	25.1416	26.1254	25.66526667
Ezr	29.2678	28.9601	29.4066	29.2481	28.0823	28.5076	29.2115	28.61266667
Rbbp7	25.2799	24.8624	25.0075	25.514	23.3911	24.4409	25.04993333	24.44866667
Pcyt2	24.3637	24.4392	24.8844	24.0162	23.5147	23.5559	24.56243333	23.6956
Atp1a2	31.9461	31.8699	32.091	31.7402	30.5619	31.3618	31.969	31.2213
Dync1i2	25.1526	25.0596	25.4985	25.2798	24.9682	25.0627	25.2369	25.10356667
Slco1c1	21.6921	21.7082	22.4071	21.3683	21.0378	21.3333	21.9358	21.24646667
Atp1b2	29.6883	29.5561	29.915	29.5011	27.7514	29.1162	29.7198	28.78956667
Acadsb	26.3744	26.332	26.5843	26.0101	25.4659	25.7747	26.43023333	25.75023333
Plcd1	24.7441	24.189	24.5642	24.3784	20.2175	24.1062	24.4991	22.9007
Zfml;Znf638	24.4759	24.6869	24.8286	24.7429	23.702	23.7998	24.6638	24.08156667
Fdps	25.7255	25.883	25.8772	24.969	24.5447	24.206	25.82856667	24.57323333
Ctnna1	24.389	24.0684	24.3097	23.7972	23.7075	24.045	24.2557	23.8499
Hacd3	26.9866	26.7489	27.2589	26.8102	25.8433	26.3093	26.99813333	26.32093333
Sept7	28.2128	28.165	28.5915	28.0868	26.9159	27.6697	28.3231	27.55746667
Ranbp2	27.7385	27.74	27.9905	27.7782	26.7819	27.0476	27.823	27.20256667
Sec14l2	26.3773	26.3185	26.4845	25.7473	24.8534	25.3418	26.39343333	25.31416667
Eif5b	23.8615	23.9828	24.2917	23.7976	23.4897	23.5315	24.04533333	23.60626667
Plec	26.1745	25.9987	25.9273	25.8618	25.0375	25.7652	26.0335	25.55483333
Gstz1	25.8804	26.0596	26.0646	25.6726	24.2077	24.6943	26.00153333	24.8582
Prpf19	26.7676	27.2432	27.4144	26.8876	26.8011	25.8743	27.14173333	26.521
Ddx19b;Ddx19a	25.2147	25.432	25.8275	25.403	24.4143	24.597	25.4914	24.80476667
Gsta4	26.7064	26.7915	27.3264	26.4828	25.447	25.9318	26.94143333	25.95386667
Slc4a4	28.8417	28.6724	28.9734	28.4296	27.1574	28.0047	28.82916667	27.8639
Hnrnpk	30.0762	30.2634	30.5544	30.2597	30.0441	29.6652	30.298	29.98966667
Srsf7	27.3951	27.1554	27.7249	27.1893	26.2036	26.2839	27.42513333	26.55893333
Sept8	26.5869	26.6506	26.9304	26.3815	25.2108	26.1245	26.72263333	25.9056
Fahd2	24.7023	24.9721	25.1275	24.6131	24.1435	24.1825	24.93396667	24.31303333
Khdrbs1	26.9779	27.3873	27.5686	27.1343	27.1345	26.1833	27.31126667	26.81736667
Ndrg3	24.4281	24.4977	24.3711	23.5516	21.7048	23.3137	24.4323	22.8567
Gtf2i	27.3793	27.1317	27.377	27.0765	26.7003	26.1742	27.296	26.65033333
H2afy	30.5335	30.5267	30.9305	30.3974	29.2932	30.0034	30.66356667	29.898
Asrgl1	28.4395	28.5696	28.8591	28.074	27.0142	27.0566	28.62273333	27.3816
Slc6a11	28.3537	28.228	28.4221	28.0106	26.8274	27.6728	28.3346	27.5036
Maoa	26.8069	26.6964	26.6783	25.9928	25.8333	25.777	26.7272	25.8677
Emc8	24.1124	24.028	24.5296	24.3829	23.5633	21.6133	24.22333333	23.1865
F3	24.3923	24.3187	24.3155	24.1937	22.337	23.0241	24.34216667	23.18493333
Mpst	25.6428	25.9824	26.1635	25.9114	25.5578	24.949	25.92956667	25.47273333
Hnrnpa1	29.2692	29.2817	29.7831	29.3363	28.122	28.5098	29.44466667	28.65603333
Lin7c	24.2703	24.5043	24.4031	23.275	23.6299	23.0154	24.39256667	23.30676667
Soat1	23.3968	23.7768	23.9274	23.4331	21.8326	23.5271	23.70033333	22.93093333
Nadk2	26.9654	26.8736	27.2135	26.7017	25.7927	26.3459	27.0175	26.2801
Add3	26.7807	26.6659	26.8312	26.1917	25.73	25.8501	26.75926667	25.92393333
Zc3hc1	22.6371	22.5815	22.8615	23.2515	21.6576	22.0269	22.69336667	22.312
Hp1bp3	30.1004	29.9203	30.6705	30.0851	28.7233	29.3712	30.2304	29.3932
Poldip3	24.089	24.2741	24.8782	24.4603	23.8753	23.5519	24.41376667	23.9625
Cpe	26.9207	26.8147	27.3935	26.7115	25.5879	26.0086	27.04296667	26.10266667
Ttyh1	26.7643	26.1052	26.6674	26.5358	24.9649	25.9763	26.5123	25.82566667
Acin1	26.9001	26.9767	27.3715	27.3282	26.3707	26.7547	27.08276667	26.81786667
Xpo7	24.5409	24.1256	24.7889	23.982	22.1876	23.7273	24.48513333	23.29896667
Myef2	27.6155	27.6035	27.7457	27.3074	26.3923	26.1701	27.6549	26.62326667
Sf3a2	25.5487	25.7004	26.273	25.5034	25.0389	25.2143	25.8407	25.2522
Ctnnb1	24.9787	25.3263	25.3276	24.957	23.3233	24.8412	25.21086667	24.37383333
Sccpdh	25.1469	25.2145	25.2892	24.8892	24.9642	23.966	25.21686667	24.60646667
Rbm14	25.4729	25.9226	26.1315	25.7822	25.7169	24.7705	25.84233333	25.4232
Psmb6	25.7534	26.1512	26.1543	25.4698	25.5952	24.5565	26.01963333	25.20716667
Ddah1	29.8975	29.7319	29.9033	29.3584	27.9535	28.572	29.84423333	28.62796667
Capzb	24.5785	24.7733	25.1121	24.4522	24.491	24.1465	24.8213	24.36323333
Uqcr10	26.0384	25.909	26.0998	25.9809	24.5489	25.144	26.01573333	25.2246
Fam213a	28.9671	28.9393	29.1145	28.348	27.3782	27.5556	29.00696667	27.7606
Rab23	23.4591	23.5293	23.3009	22.702	20.4435	22.5101	23.42976667	21.8852
Thrap3	27.5928	27.4898	28.0845	27.8792	26.489	27.0611	27.72236667	27.1431
Apoe	28.4769	28.491	28.7038	27.8607	27.1237	27.4644	28.55723333	27.48293333
Suox	23.5975	23.7131	23.6482	23.0527	23.2149	22.8404	23.65293333	23.036
Prodh	27.8073	27.6625	28.062	27.3179	26.3872	26.7813	27.84393333	26.8288
Mta1	25.7455	25.5348	26.3698	25.7736	24.5517	24.7622	25.88336667	25.02916667
Aldh4a1	27.0397	27.1876	27.4226	26.5809	26.8643	26.0382	27.21663333	26.49446667
Gstm1	31.0779	31.3367	31.9052	31.0713	29.3251	29.7511	31.43993333	30.04916667
Nolc1	24.9938	25.159	25.8552	25.286	24.5934	24.6107	25.336	24.83003333
Sardh	25.1874	25.4769	25.4695	24.8205	24.3492	24.2496	25.37793333	24.4731
Tra2b	26.6151	26.8667	27.5226	26.566	25.7884	25.7424	27.00146667	26.03226667
Acaa2	28.7831	28.715	29.054	28.6104	27.8388	27.7042	28.8507	28.05113333
Mybbp1a	27.502	27.5391	28.1407	27.6479	26.4749	27.2089	27.72726667	27.11056667
Aldh5a1	28.3118	28.5049	28.6718	28.0754	27.4567	27.05	28.49616667	27.52736667
Tmx4	24.1862	24.3484	24.3481	23.9684	23.2707	23.5404	24.29423333	23.59316667
Cds2	25.05	25.0634	25.3683	25.3242	23.9958	24.7078	25.16056667	24.67593333
Tmod2	25.1321	25.1035	25.44	24.7507	23.5907	24.2087	25.2252	24.18336667
Capn2	27.1149	27.0835	27.175	26.7288	25.3212	26.0745	27.12446667	26.0415
Pnn	26.3632	26.0296	26.5004	26.577	24.7958	25.7865	26.29773333	25.71976667
Atad1	25.4276	25.3591	25.5297	24.8455	24.6801	24.4558	25.4388	24.66046667
Serpinh1	24.946	24.9995	25.2245	24.6161	24.3516	23.6395	25.05666667	24.2024
Ncbp1	25.1727	25.2217	25.3972	25.5243	24.0875	25.255	25.26386667	24.9556
Myh14	27.2156	26.9218	27.3862	27.0515	25.16	26.4908	27.17453333	26.2341
Hdgfrp3	26.8303	26.6162	26.9198	26.5504	25.2584	25.2381	26.78876667	25.6823
Slc38a3	26.4268	26.761	26.8124	26.3254	25.9821	26.0976	26.66673333	26.13503333
Map1lc3b	25.8608	25.9386	25.6062	25.4068	26.3497	25.1236	25.80186667	25.6267
Hist1h3b;H3f3a	33.0544	33.1745	33.3594	33.0127	33.3316	32.4769	33.1961	32.9404
Aldoc	32.7154	32.7393	33.2076	32.5516	30.3122	31.5926	32.88743333	31.48546667
Pura	25.8363	25.7806	26.105	25.6256	25.2927	25.2062	25.9073	25.37483333
Psph	26.3272	26.3557	26.6861	26.1408	25.0385	25.5122	26.45633333	25.56383333
Nup107	25.5886	25.5737	25.612	25.594	23.778	24.7466	25.59143333	24.7062
Acaca	25.1207	25.0339	25.1037	24.5774	23.5051	23.88	25.0861	23.9875
Phyhipl	26.4423	26.3116	26.5048	25.8932	24.3356	25.5417	26.41956667	25.25683333
Fhl1	24.7959	25.0566	25.2069	24.5827	23.524	23.4697	25.0198	23.8588
Kbtbd11	23.3494	22.7846	23.7137	22.5798	22.3689	22.0255	23.28256667	22.32473333
Gphn	25.2982	25.3277	25.6075	25.1434	24.2326	24.0453	25.41113333	24.47376667
Ugp2	29.0675	29.1313	29.4273	28.5887	27.5636	28.0192	29.2087	28.05716667
Acsl3	26.4916	26.4481	26.7953	25.9093	24.2761	25.2287	26.57833333	25.13803333
Ppap2b	27.3072	26.997	27.5004	26.8794	25.4696	26.6506	27.2682	26.3332
Fads1	24.8618	25.0636	25.441	25.0781	23.0401	23.4594	25.12213333	23.8592
Lin7a	24.7621	24.8702	24.8565	24.2575	23.8999	23.8217	24.8296	23.99303333
Fut8	24.8276	25.414	25.2584	24.5127	23.7916	23.6077	25.16666667	23.97066667
Ttn	24.3708	24.8078	24.6607	24.2392	25.2821	23.7907	24.6131	24.43733333
Ccar2	26.881	26.8917	27.2212	26.7682	26.0723	25.8517	26.99796667	26.23073333
Rcn2	27.4862	27.7457	27.8374	27.319	26.154	26.2268	27.68976667	26.5666
Pgp	25.0575	25.6464	25.7777	25.0065	24.97	24.0855	25.49386667	24.68733333
Slc1a2	32.151	32.0836	32.363	31.8683	30.5663	31.4716	32.1992	31.30206667
Hist1h1e	31.7022	31.7758	32.0452	31.6615	31.2258	31.0012	31.84106667	31.29616667
Ctnnbl1	24.4499	24.4338	24.8288	24.6171	23.5989	24.221	24.57083333	24.14566667
Gldc	26.9929	26.9961	26.92	26.2611	25.6299	25.6203	26.96966667	25.8371
Lmna	30.6373	30.6245	30.9185	30.3894	29.3348	29.7654	30.72676667	29.82986667
Rbm25	26.8276	26.9246	27.3526	27.1725	25.8681	26.6791	27.03493333	26.57323333
Znf512	25.9533	26.0558	26.5799	26.0677	25.2854	25.377	26.19633333	25.5767
Luc7l3	25.2299	25.1323	25.7506	25.534	24.6914	24.7864	25.37093333	25.00393333
Acot11	27.5568	27.4185	27.6775	27.0556	25.7134	26.2341	27.55093333	26.33436667
Skp1	26.1776	26.2393	26.3629	26.6253	24.3981	25.5751	26.25993333	25.53283333
Top1	27.5389	27.4701	27.9377	27.3477	26.3197	26.6943	27.6489	26.78723333
Lmnb2	30.161	30.1388	30.5556	30.0597	29.2077	29.3189	30.28513333	29.52876667
Gpm6a	29.0166	28.4349	29.0102	28.4713	27.161	28.2405	28.82056667	27.9576
Hdac1;Gm10093	26.4789	26.3587	26.7403	26.5414	25.1524	25.8878	26.52596667	25.86053333
Fasn	29.3762	29.4089	29.6473	28.8596	27.813	28.1455	29.47746667	28.2727
Clu	27.3494	27.2194	27.3994	26.8693	25.4404	26.1678	27.32273333	26.15916667
Psmb7	25.1904	25.4457	25.7456	25.07	25.2222	24.2223	25.46056667	24.83816667
Mad1l1	23.8055	23.3882	24.439	24.0579	22.6434	23.0209	23.87756667	23.24073333
Gpt	25.56	25.7396	25.22	24.2701	24.7314	23.4065	25.50653333	24.136
Gyk;Gk	26.8554	26.9666	27.1256	26.3798	25.8384	25.9134	26.98253333	26.04386667
Slc6a1	26.8808	26.606	27.2021	26.6483	24.7497	26.173	26.8963	25.857
Hmgb3	25.2371	24.9646	25.648	24.7977	22.5465	22.3626	25.28323333	23.2356
Thoc5	24.1479	24.0988	24.4363	23.9613	23.2271	23.627	24.22766667	23.60513333
Gja1	27.9913	27.7246	28.1841	27.5099	26.8539	26.7688	27.96666667	27.0442
Psip1	27.5019	27.6736	27.8916	27.3803	26.632	26.4628	27.68903333	26.82503333
Smarcd3	24.7481	24.3653	24.8391	24.374	23.4826	23.3448	24.65083333	23.7338
Mgll	26.6835	26.7709	26.8798	26.1744	25.2575	25.4796	26.77806667	25.63716667
Cap2	25.5867	25.6781	25.9297	25.2473	23.3374	24.1018	25.7315	24.22883333
Safb	27.2338	27.1306	27.7297	27.4186	25.7189	26.7154	27.3647	26.61763333
Slc9a3r1	28.2731	28.1269	28.5789	28.058	26.9729	27.778	28.3263	27.60296667
Hnrnpl	29.5786	29.7696	30.0436	29.622	28.6888	28.7106	29.79726667	29.00713333
Farp1	26.5941	26.1391	26.1689	25.9512	24.629	25.3011	26.3007	25.29376667
Bckdha	25.2006	25.1756	25.3745	24.6768	24.0595	23.6544	25.25023333	24.13023333
Maob	29.2311	28.8603	28.9616	28.4973	27.5721	28.0995	29.01766667	28.0563
Tlcd1	24.7992	24.9083	25.2388	24.545	21.7042	23.8994	24.9821	23.38286667
Ndrg2	29.7874	30.1489	30.5677	29.4829	28.1801	28.392	30.168	28.685
Fip1l1	24.4583	24.8105	24.8749	24.6957	24.1784	23.5626	24.71456667	24.14556667
Acsl6	29.9694	29.9538	29.971	29.3735	28.0086	28.6623	29.96473333	28.68146667
Mvd	23.9504	24.2055	24.404	23.4598	22.2859	22.5414	24.18663333	22.76236667
H1f0	31.2533	31.1291	31.6281	30.9813	29.6213	30.0534	31.33683333	30.21866667
Rsl1d1	25.0192	25.1776	25.5978	24.9908	23.6812	24.4275	25.26486667	24.3665
Bclaf1	25.9045	25.7577	26.6357	26.3569	24.9876	25.6511	26.0993	25.6652
Rsf1	23.8289	23.0992	23.9918	24.072	22.1857	22.8887	23.63996667	23.0488
Grm3	26.0819	26.4126	26.4003	25.8052	25.1539	25.3827	26.29826667	25.44726667
Aqp4	27.8731	27.4421	27.7774	27.9886	26.3476	27.3757	27.69753333	27.2373
Zfr	27.0283	27.086	27.3427	26.8358	25.5621	26.0191	27.15233333	26.139
Slc25a18	26.7965	27.4781	27.5498	26.5122	25.7385	25.3745	27.2748	25.87506667
Nup214	24.3016	24.3105	24.7533	24.2183	24.119	23.3996	24.45513333	23.9123
Mecp2	29.3877	29.343	29.7316	29.2321	28.1236	28.4547	29.48743333	28.60346667
Ass1	26.3663	25.9079	26.5449	25.4515	23.9959	24.8197	26.27303333	24.7557
Golga2	26.2739	26.1469	26.7041	26.3103	24.8421	25.7491	26.37496667	25.63383333
Acsf2	28.256	28.6588	28.9776	28.1184	27.786	27.5971	28.6308	27.83383333
Fermt2	26.7436	27.0397	27.2636	26.53	25.62	25.9629	27.01563333	26.03763333
Hsd11b1	26.4269	26.5672	26.8116	25.8887	24.1256	24.4035	26.6019	24.80593333
Itpr2	23.7712	23.8298	24.1546	23.2932	22.4463	22.9858	23.91853333	22.90843333
Atl2	22.6451	23.3444	22.8706	21.7071	22.4141	21.8872	22.95336667	22.0028
Snrpf	25.1902	25.2902	25.6534	25.6824	24.8267	24.5333	25.37793333	25.01413333
Nup153	24.7044	25.4634	25.5034	24.9085	24.6259	23.9093	25.22373333	24.48123333
Phka1	24.8582	24.9664	25.173	24.2374	23.356	23.6575	24.9992	23.7503
Hsdl2	26.2752	26.3108	26.8455	26.3878	25.5576	25.9849	26.47716667	25.97676667
Csrp1	28.5915	28.789	29.2935	28.4642	27.9475	27.3378	28.89133333	27.9165
Syne1	24.249	24.2713	24.4244	23.6103	22.4672	22.9936	24.3149	23.0237
Pacsin3	23.4273	22.7768	23.4585	21.6644	21.7341	22.3486	23.22086667	21.9157
Cyp2j9	23.6922	22.4956	23.5506	22.6023	22.325	21.9509	23.24613333	22.29273333
Srrm2	26.557	26.8451	27.335	26.892	26.029	25.81	26.91236667	26.24366667
Rbmx	28.8521	29.2003	29.6993	28.9349	28.1261	27.9232	29.25056667	28.32806667
Matr3	29.4447	29.3577	29.7579	29.4031	27.8215	28.1867	29.5201	28.47043333
Ngef	25.6066	25.4299	25.5338	24.8183	23.2991	23.8598	25.52343333	23.9924
Hepacam	26.2301	26.104	26.7628	26.0992	25.1712	25.6529	26.36563333	25.6411
Cpt1a	26.3442	26.3363	26.3631	25.8057	24.8571	25.483	26.34786667	25.38193333
Fam120c	24.6175	24.7889	24.9781	24.2201	23.7232	23.9098	24.79483333	23.95103333
Slc1a4	26.3904	26.1484	26.4713	26.1533	23.8149	25.6132	26.3367	25.1938
Ndc1	23.0738	23.0103	22.7347	22.3127	22.5352	21.6036	22.9396	22.1505
Hnrnph3	25.5819	25.9322	26.4782	25.5109	24.9675	24.1926	25.99743333	24.89033333
Kpna1	25.951	26.0339	26.2452	25.6515	24.9262	24.6315	26.0767	25.06973333
Rbp1	25.9877	26.0861	26.2186	25.2026	23.5631	25.1346	26.09746667	24.63343333
Mboat2	23.857	23.8487	24.5387	23.7723	23.0432	22.7742	24.08146667	23.19656667
Phkg1	24.3399	24.253	23.5666	23.0474	21.5968	22.7583	24.05316667	22.4675
Gsk3b	24.4466	24.5596	24.7901	23.9118	23.1031	23.1543	24.59876667	23.38973333
Nupl1	23.0602	24.3661	23.817	21.8705	23.2864	22.4146	23.74776667	22.52383333
Cdc42ep4	24.9299	24.619	25.0885	24.3831	23.1445	23.827	24.87913333	23.78486667
Adnp	24.1551	24.4923	24.9412	24.6883	23.8871	24.0357	24.52953333	24.2037
Cttn	24.4741	24.046	24.9864	23.9765	22.901	22.9797	24.50216667	23.28573333
Golgb1	24.5401	24.7732	25.274	24.5315	23.6283	23.989	24.86243333	24.0496
Impact	22.7286	23.3806	23.4135	22.8372	21.5678	21.098	23.17423333	21.83433333
Cenpv	28.6854	28.6276	29.2135	28.4294	26.4924	27.0833	28.84216667	27.33503333
Sfxn5	29.3496	29.5918	29.7402	29.0141	28.3664	28.2764	29.56053333	28.5523
Khdrbs3	25.7483	25.7729	25.8992	25.3283	23.7945	23.5641	25.8068	24.22896667
H2afy2	26.5856	26.4583	27.1041	26.4334	24.3309	25.3478	26.716	25.3707
Hmgcs1	26.2155	26.2011	26.6901	25.3461	23.7949	24.9094	26.3689	24.68346667
Rbm15	23.7482	24.0033	24.4641	23.8857	22.7536	23.3065	24.07186667	23.31526667
Entpd2	24.7223	23.8044	25.049	24.129	22.9186	23.3162	24.52523333	23.4546
Crip2	25.0812	25.5426	25.5521	24.3572	24.2995	23.6493	25.39196667	24.102
Kpna6	24.1869	24.1303	24.0631	23.9241	21.7564	22.5628	24.12676667	22.74776667
Slc1a3	29.986	29.4831	30.0696	29.5628	27.4257	29.1731	29.84623333	28.72053333
Papss2	23.6621	23.0564	23.3531	22.2248	22.0172	22.17	23.3572	22.13733333
Acsbg1	29.2382	29.2477	29.6202	28.686	27.3985	28.0403	29.3687	28.0416
Smarcb1	24.7254	25.0909	25.0765	25.1085	23.4285	24.3393	24.96426667	24.2921
Gtf3c3	23.1021	22.6754	23.9605	22.9473	22.0206	22.1691	23.246	22.379
Ppp1r1b	23.6381	22.5448	23.0454	22.5854	23.5965	22.029	23.0761	22.73696667
St3gal4	22.6349	22.6823	23.7222	22.5767	22.2833	22.1084	23.01313333	22.3228
Sparcl1	26.3704	26.2204	27.0086	26.5211	23.731	25.4786	26.53313333	25.24356667
Slc27a1	25.8027	25.8365	26.2403	25.301	23.6981	23.6586	25.95983333	24.21923333
Pogz	23.8896	24.0379	23.9704	23.9185	22.663	22.8142	23.96596667	23.1319
Tmem201	25.1251	24.5683	25.6119	25.0474	23.0042	24.2049	25.10176667	24.0855
Ylpm1	25.1937	25.4601	25.8615	25.4221	24.9271	24.4071	25.5051	24.91876667
Chst2	25.7083	26.0189	26.1422	25.2902	22.9854	23.9876	25.95646667	24.08773333
Cnn3	24.4566	24.4056	25.2328	24.0521	22.7378	23.3224	24.69833333	23.37076667
Sun1	24.3665	23.4292	25.0588	24.006	22.2308	22.5703	24.28483333	22.9357
Hrsp12	26.5945	27.3314	27.9911	26.5068	25.2683	24.9505	27.30566667	25.5752
Terf2ip	22.9165	23.5999	24.0417	23.6877	22.0972	22.3565	23.51936667	22.7138
Etnppl	25.2476	24.5255	25.9758	25.5961	22.423	23.0502	25.24963333	23.68976667
Map2	26.682	26.9573	27.2395	26.568	24.3979	25.4359	26.9596	25.46726667
Ptbp2	27.0047	27.1678	27.5492	26.7154	25.4285	25.2171	27.24056667	25.787
Enah	23.2801	23.3009	24.3525	23.5519	21.938	22.5877	23.6445	22.69253333
Dpf3	23.1005	22.9635	23.0334	21.6493	21.7749	21.424	23.03246667	21.61606667
Acss2	25.0382	24.9524	25.3743	24.7325	22.3731	23.2318	25.12163333	23.4458
Gatad2b	25.1107	25.1682	25.7019	25.3732	23.9914	23.9659	25.32693333	24.4435
Pdlim5	24.7962	25.0794	25.7149	24.9638	22.9116	23.0949	25.19683333	23.65676667
	24.7813	24.6987	25.7327	24.276	23.022	23.5539	25.0709	23.6173
Znf326	25.9409	25.9055	26.5419	26.0495	24.0301	24.57	26.12943333	24.8832
Rftn2	23.898	22.8108	24.3673	23.5192	21.5398	22.5348	23.69203333	22.53126667
Rlbp1	25.0999	25.0594	24.9898	23.9172	22.8682	23.1035	25.0497	23.2963
Ppp1r3g	23.0951	23.9194	23.8169	23.4289	22.8032	21.9588	23.61046667	22.7303
Nfia	26.4887	26.0803	26.8353	26.1555	23.6915	24.9531	26.4681	24.93336667
Cyp51a1	25.2997	25.3849	25.244	24.4909	23.2679	23.3805	25.30953333	23.7131
S100a1	22.7706	23.0798	23.1986	22.7829	22.5117	21.9533	23.01633333	22.41596667
Impad1	24.0129	23.4269	23.5371	23.0471	21.3293	21.6396	23.65896667	22.00533333
Zmynd8	23.8501	23.0998	24.6338	24.232	22.5598	22.6371	23.86123333	23.14296667
Sash1	22.2866	21.7626	23.1215	21.7485	21.402	21.3391	22.39023333	21.49653333
Btbd17	23.4676	23.1931	24.1673	21.1179	21.3923	21.8094	23.60933333	21.43986667
Psmb5	25.7953	26.0874	26.4801	25.6117	23.9624	23.8161	26.12093333	24.4634
Mfn2	23.7044	23.6224	22.8903	21.276	22.0483	21.716	23.4057	21.6801
Kcnj10	24.9088	24.8179	25.3959	24.6587	22.1768	23.0648	25.04086667	23.3001
Abhd3	25.983	26.189	26.5381	25.6543	23.2708	23.8906	26.2367	24.2719
Nacc2	25.0899	25.4552	25.7638	24.8573	22.5647	22.6113	25.4363	23.34443333
Atp5s	22.9475	22.8644	23.3992	22.6208	22.5987	21.6101	23.07036667	22.27653333
Ndufv3	26.004	25.7803	26.4184	25.6542	23.5948	24.5139	26.06756667	24.58763333
Cpsf2	23.1918	23.3943	23.2255	21.1742	21.6851	21.0611	23.27053333	21.3068
Nfib	24.5414	23.9836	24.9163	24.18	21.9501	22.2491	24.48043333	22.79306667
Map4	25.6148	25.889	26.43	25.8526	22.6003	23.5587	25.97793333	24.00386667
Zbtb20	25.0341	24.4765	25.9924	24.7131	21.5791	22.4906	25.16766667	22.9276
Zhx2	25.5105	25.4933	25.9264	24.6831	22.5962	23.0849	25.6434	23.45473333
Thoc6	23.6497	23.9795	23.9581	23.3016	22.6354	23.0517	23.86243333	22.99623333
Agpat5	24.9874	25.0619	25.6855	23.6994	22.3171	23.2582	25.24493333	23.09156667
Zhx3	24.7281	24.9416	25.4392	24.8375	21.6894	21.8326	25.0363	22.7865
Casc4	28.376	28.3012	28.6384	28.3782	22.6191	21.9615	28.43853333	24.3196
Dnajb11	25.272	24.0495	23.8289	24.7179	25.3671	25.6746	24.38346667	25.2532
Purb	26.9626	27.0257	27.8921	27.2687	25.918	26.8644	27.29346667	26.6837
Eif3h	24.9943	25.1274	25.385	25.2509	25.2474	24.9995	25.1689	25.16593333
Alox5ap	23.7435	23.9895	21.02	25.2109	26.8071	26.0608	22.91766667	26.02626667
Anp32b	23.6629	23.6588	22.0505	24.1347	24.3834	25.0335	23.12406667	24.5172
Phf5a	23.7811	24.0828	24.5495	23.7598	23.8196	22.9779	24.1378	23.5191
Cnrip1	24.4811	24.6293	24.4801	23.9276	24.1398	23.1928	24.53016667	23.7534
Ptar1	21.8162	23.1659	23.1213	21.4287	20.6538	21.1073	22.70113333	21.06326667
Gcdh	22.9184	23.6309	24.0915	22.9622	22.652	22.691	23.54693333	22.7684
Actr1a	25.9848	26.2398	25.9007	25.8485	25.9933	25.4599	26.04176667	25.76723333
Cpsf6	25.5991	25.7195	26.2623	25.8955	25.4146	25.5141	25.8603	25.60806667
Ppp2r4	25.35	25.1316	24.7279	24.9168	25.6482	25.3189	25.06983333	25.29463333
Srsf5	26.1893	26.3646	26.8554	26.4543	25.4604	25.8802	26.46976667	25.93163333
Stag1	23.5272	23.5105	23.2713	23.4578	23.117	23.4811	23.43633333	23.35196667
Tmx2	25.6848	25.7738	25.6822	25.6481	24.6893	25.1948	25.7136	25.1774
Ide	24.2175	24.4344	24.7443	24.4199	23.2032	24.6269	24.4654	24.08333333
Mcur1	24.6044	24.9226	25.045	24.7537	25.0905	24.868	24.85733333	24.90406667
Tceal3;Tceal6	24.5815	23.768	25.2652	24.0767	22.587	22.7872	24.53823333	23.1503
Usp14	24.1774	24.3233	24.2445	24.172	24.4922	24.5076	24.2484	24.3906
Ptpra	24.0754	23.775	23.768	23.4047	23.1379	23.2031	23.8728	23.24856667
Gna11	22.6377	22.6357	22.3016	21.9628	21.8701	22.2345	22.525	22.02246667
Nomo1	25.5976	25.5816	25.7591	25.5719	25.6278	25.284	25.6461	25.49456667
Tra2a	24.1658	24.7221	24.8531	24.544	23.4212	23.5954	24.58033333	23.85353333
Emc7	23.3647	23.6312	23.8443	23.4293	23.1946	23.2173	23.6134	23.2804
Hook3	23.6541	23.4653	23.7361	23.95	21.2553	23.4715	23.6185	22.89226667
Ahcyl2	23.9773	24.3921	24.0284	21.2817	22.9132	23.792	24.1326	22.6623
Prdx2	28.666	29.1411	29.2553	28.5181	29.0939	28.226	29.0208	28.61266667
Champ1	23.1942	23.2633	23.7172	23.2084	22.8869	22.846	23.39156667	22.98043333
Prdx6	30.8451	31.2645	31.4366	30.6482	29.6832	29.5815	31.18206667	29.97096667
Pla2g7	23.2436	23.1914	22.8019	22.9815	21.5656	22.0222	23.07896667	22.18976667
Psmb9	21.0095	23.6081	23.0651	23.8845	24.9037	25.0138	22.5609	24.60066667
Glb1	21.5024	21.8517	22.3157	22.5966	22.4915	23.1429	21.88993333	22.74366667
Adhfe1	23.0952	23.9378	23.6693	22.5652	22.7826	21.8622	23.56743333	22.40333333
Oas1a;Oas1g	23.0725	22.9717	22.5007	23.0565	23.5138	24.0622	22.8483	23.54416667
Golga5	25.1826	25.2991	26.2026	25.6573	22.559	25.2239	25.56143333	24.48006667
Srsf6	24.3776	24.5849	24.1033	24.6731	25.2298	24.6756	24.35526667	24.8595
Sec22b	26.0978	26.1547	26.4785	26.2818	25.5992	26.176	26.24366667	26.019
Prex1	25.3303	25.52	25.9612	25.5206	24.7991	24.6826	25.60383333	25.00076667
Itm2c	22.5224	22.4234	22.4951	22.1473	22.1421	21.5456	22.4803	21.945
Hmgn5	26.2318	25.8381	26.7401	26.4024	23.6647	25.4442	26.27	25.17043333
Hspd1	29.8203	29.8187	29.7614	29.5181	29.9751	29.5868	29.80013333	29.69333333
Pa2g4	26.4746	26.6195	26.578	26.6615	27.0443	26.6866	26.55736667	26.79746667
Plaa	24.9869	24.85	25.0387	25.1752	25.4296	25.2185	24.95853333	25.27443333
Slc7a8	23.234	23.2042	23.1465	23.7698	23.7674	23.9338	23.1949	23.82366667
Cd2ap	22.6564	22.6711	22.9907	23.3545	25.1535	23.9808	22.77273333	24.16293333
Srsf3;Gm12355	27.6352	27.3507	27.819	27.5104	26.2158	26.865	27.60163333	26.86373333
Smek1	23.4275	23.4228	23.3336	22.9897	23.5277	22.9616	23.39463333	23.15966667
Ewsr1	25.7593	25.8719	26.2811	26.3003	26.3034	25.6235	25.97076667	26.07573333
Pepd	23.8141	23.6586	23.6872	24.0937	24.6111	24.5966	23.71996667	24.4338
Fabp7	25.7661	26.0958	26.1421	25.5731	24.1753	25.1631	26.00133333	24.9705
Acot2	25.8989	26.3566	26.33	25.4048	25.8294	24.6312	26.19516667	25.28846667
Nebl	23.6392	24.8924	25.6124	24.2468	23.7544	23.1499	24.71466667	23.71703333
Mat2b	22.8419	22.1473	20.6213	22.7671	23.7248	22.97	21.87016667	23.15396667
Tbl1xr1;Tbl1x	24.2684	24.5191	24.7067	24.5506	24.0489	24.0537	24.49806667	24.21773333
Mpi	21.4709	23.466	21.8779	22.4991	23.8942	24.058	22.2716	23.48376667
Hnrnpa2b1	31.4689	31.6949	32.1629	31.4885	31.0458	30.5386	31.77556667	31.0243
	24.4296	24.357	25.0632	24.4134	23.5424	23.9948	24.6166	23.98353333
Epn1	22.8721	21.8273	21.4989	22.8452	23.1693	21.3942	22.0661	22.46956667
Khsrp	27.3005	27.5911	27.7164	27.6559	27.8895	26.9348	27.536	27.4934
Aass	23.7683	23.3848	23.3985	23.5865	21.1059	23.2757	23.5172	22.65603333
Psmd14	22.5271	22.0789	20.0668	23.1056	23.7715	21.2693	21.5576	22.71546667
Extl2	23.1022	23.7872	23.7247	22.557	21.3648	22.229	23.53803333	22.05026667
Aldoa;Aldoart1	30.6196	30.8109	31.0731	30.5139	29.9724	30.1749	30.83453333	30.2204
Scpep1	22.2952	22.6536	22.1476	22.7773	24.5059	23.1321	22.36546667	23.47176667
Coq9	24.2031	25.0465	25.5219	24.5016	24.6214	23.8514	24.92383333	24.3248
Acat1	28.2041	28.415	28.518	28.1427	28.2878	27.978	28.37903333	28.13616667
Gps1	25.26	25.2211	25.7348	25.3156	25.0435	25.203	25.4053	25.18736667
Uchl5	22.694	22.6339	22.4096	22.6977	22.8933	22.8106	22.57916667	22.80053333
Rpl30	24.8806	24.6086	24.3477	24.9503	25.0396	26.2194	24.6123	25.4031
Dpp7	23.3911	21.2622	21.3295	20.7457	24.1723	23.2508	21.99426667	22.72293333
Dlat	27.3276	27.8482	27.7946	26.9506	27.6885	26.5184	27.6568	27.0525
Sumo3	22.8418	20.5115	20.4158	23.9179	24.1865	23.5645	21.25636667	23.88963333
Gm10094;Sap18	25.5569	25.964	26.2292	25.3988	25.3045	25.1936	25.9167	25.29896667
Htra2	23.1766	23.2264	23.1284	23.4438	24.1087	23.4934	23.17713333	23.68196667
Mydgf	23.421	23.2034	21.9921	23.7	23.5334	24.2169	22.87216667	23.81676667
Safb2	24.8516	24.8031	25.3449	25.0871	23.9236	24.4802	24.99986667	24.49696667
Rras2	22.2559	21.494	21.4841	22.1597	22.3507	22.4927	21.74466667	22.33436667
Rplp2	25.0157	26.041	25.3871	24.6492	26.6641	24.3683	25.48126667	25.2272
Tial1;Tia1	24.574	24.763	24.9056	24.5356	24.4138	24.1432	24.74753333	24.3642
Abhd4	23.6369	23.2728	24.1146	23.0305	21.5327	22.9125	23.67476667	22.4919
Cdc23	23.9952	23.6951	23.4936	23.6146	22.9849	23.3723	23.72796667	23.32393333
Hspa9	29.0997	28.9961	29.2512	29.1107	28.7628	28.8379	29.11566667	28.9038
Rab35	23.9898	23.9032	23.7528	23.4944	24.3635	23.8685	23.88193333	23.9088
Slc25a5	29.2576	29.1745	29.1188	28.8349	29.1446	29.3485	29.18363333	29.10933333
Dpy19l1	21.9175	21.992	21.5885	22.1074	23.2253	21.9654	21.83266667	22.4327
mt-Co3	26.6225	26.9309	27.5571	27.0834	25.6085	26.6403	27.03683333	26.44406667
Sfxn1	25.8249	26.433	26.5404	25.6445	25.9268	25.0264	26.2661	25.53256667
Atp8a1	25.2605	24.8489	24.5974	25.1921	25.3367	25.7221	24.90226667	25.41696667
Hadh	27.8867	28.091	28.0398	27.823	28.0046	27.6352	28.00583333	27.82093333
Pccb	26.5196	26.5908	26.5648	26.2881	26.3645	26.2655	26.5584	26.30603333
Arnt2	22.5953	22.4669	23.5229	22.353	20.2094	20.9733	22.8617	21.17856667
Gbp6;Gbp10	22.3002	22.2156	21.812	22.1844	23.2485	23.1046	22.10926667	22.84583333
Ist1	23.0473	23.2185	22.9361	22.5826	23.4207	22.9148	23.0673	22.9727
Idh3g	26.6958	26.7409	27.0692	26.7664	26.2582	26.3143	26.8353	26.4463
Fam49a	23.4713	23.033	23.6869	22.9773	22.453	22.931	23.39706667	22.7871
Me2	21.963	20.5271	21.977	22.5095	22.4523	22.829	21.48903333	22.59693333
Npm1	29.0731	29.2144	29.3676	29.2083	29.0611	28.7524	29.21836667	29.00726667
Serpinb6a;Serpinb6	25.3647	25.3228	25.2725	24.9366	25.1474	24.7894	25.32	24.9578
Nup160	24.0948	24.0641	23.7211	23.3198	23.1753	21.2193	23.96	22.57146667
Mccc1	26.8757	26.6983	26.5756	26.3773	26.1718	26.3388	26.71653333	26.29596667
F11r	24.0252	23.4067	23.0613	24.2669	25.0922	24.899	23.49773333	24.7527
Cend1	25.5586	25.7394	26.4767	25.3013	24.374	24.5823	25.9249	24.75253333
Rpl3	27.0056	26.9587	26.8695	27.0108	27.4161	27.3903	26.9446	27.2724
Ywhae	30.6031	30.6122	30.855	30.5502	30.4054	30.4568	30.6901	30.4708
Suclg2	27.8105	27.9504	27.9116	27.9083	27.7385	27.3843	27.89083333	27.67703333
Abcf1	23.5737	23.6512	23.9389	23.7544	23.6152	23.8687	23.72126667	23.7461
Gsn	25.9335	26.1765	25.9042	25.62	25.9642	25.9587	26.00473333	25.84763333
Srsf4	27.357	27.4657	28.0907	27.6869	26.8056	26.9401	27.6378	27.1442
Zc3h14	22.5526	22.6864	23.0615	20.9349	22.7384	22.265	22.76683333	21.97943333
Upf1	25.3033	25.1656	25.5892	25.4913	25.0743	25.3507	25.3527	25.30543333
Pck2	23.2203	23.3367	23.3291	24.5813	25.1214	24.3814	23.29536667	24.6947
Hnrnpf	27.3348	27.5137	27.3394	27.3063	27.7248	27.5569	27.39596667	27.52933333
Sh3bp1	22.8722	22.95	19.9799	23.2862	24.7182	24.524	21.93403333	24.17613333
Zc3h18	25.0346	24.9434	25.9088	25.4517	24.0326	25.0254	25.2956	24.83656667
Dhx58	21.441	21.7865	22.0563	20.9267	22.4567	22.5958	21.76126667	21.99306667
Tuba4a	27.5413	27.8748	28.028	26.8309	27.1574	26.5275	27.8147	26.8386
Eif5	25.2583	25.3307	25.3256	24.9405	25.2886	24.7813	25.30486667	25.00346667
Specc1	22.6275	21.1519	22.1938	23.0737	23.5092	24.1355	21.99106667	23.5728
Acad9	26.8565	26.8065	26.6292	26.4312	26.6947	26.507	26.76406667	26.5443
Cat	27.0857	27.2364	27.3235	26.9151	27.6371	26.6638	27.2152	27.072
Eif3a	25.8796	25.8906	25.7564	25.837	26.086	26.0853	25.8422	26.00276667
Uqcrc2	29.6163	29.8151	30.0309	29.5499	29.4631	29.416	29.82076667	29.47633333
Nucb1	27.1108	27.1462	27.1035	27.1766	26.5871	26.9674	27.12016667	26.91036667
Tm9sf4	25.4228	25.1211	25.1287	24.9126	23.7767	24.6192	25.2242	24.43616667
Cspg5	24.5544	24.1301	25.4886	24.598	23.0651	24.0965	24.72436667	23.91986667
Scaf11	23.113	22.9271	22.8908	23.5053	20.8896	23.1451	22.97696667	22.51333333
Ndufa12	25.7411	26.1391	26.1399	25.7513	25.6157	25.5403	26.0067	25.63576667
Cdk5	24.0963	24.3465	23.6266	24.1395	24.7282	24.0694	24.02313333	24.31236667
Rap2b	23.2213	21.6133	21.8654	21.5117	20.8108	22.2954	22.23333333	21.5393
Etf1	24.7748	24.9304	24.1622	24.6063	25.4411	25.0275	24.62246667	25.02496667
Mtnd5	24.8502	24.5468	24.7863	24.9612	24.0245	25.0146	24.72776667	24.66676667
Hsd17b12	27.1192	27.1079	27.4062	26.8071	26.8747	26.964	27.2111	26.88193333
Bcl2l13	22.9697	22.8808	23.1719	23.037	21.9426	22.6894	23.00746667	22.55633333
Tom1l2	23.4548	23.9906	23.897	22.5511	22.4694	22.1073	23.7808	22.37593333
Parp9	21.1077	21.6779	20.3789	20.5443	21.4704	21.7704	21.05483333	21.2617
Arf1;Arf3	28.0222	27.6295	27.3999	27.8634	28.093	28.3746	27.68386667	28.11033333
Rpl14	24.9326	23.9601	23.8625	24.5666	25.1909	25.2306	24.25173333	24.99603333
Igbp1	22.6601	23.2385	22.1075	22.6539	24.2989	23.1642	22.6687	23.37233333
Rpl17	26.9013	26.7801	27.3247	27.17	26.5098	27.3433	27.00203333	27.0077
Alb	25.3443	25.6935	25.6348	24.9936	25.8827	24.9638	25.55753333	25.28003333
Rpl13a	26.1445	26.2696	26.0252	26.1733	26.6179	26.6812	26.14643333	26.4908
Ctbp1	26.8912	26.9382	26.8504	26.7535	26.5288	25.9913	26.89326667	26.42453333
Eci1	27.567	27.9874	27.9179	27.3148	27.5368	26.5641	27.8241	27.13856667
Snrnp70	27.0427	26.8336	27.3925	27.1549	26.1509	26.8484	27.0896	26.71806667
Osbp	23.1286	23.0051	23.1256	23.1158	23.2857	22.9153	23.08643333	23.1056
Sall1	22.1278	21.2233	21.6184	22.204	22.1901	22.7987	21.6565	22.3976
Hsp90ab1	31.2064	31.2484	31.2906	31.3187	31.4279	31.5136	31.24846667	31.42006667
Nup62	23.2581	23.7161	24.8579	24.9103	22.6289	22.883	23.94403333	23.47406667
Ldhb	30.7618	30.8355	30.9348	30.6135	30.7239	30.2725	30.84403333	30.53663333
Psmd2	26.6514	26.648	26.8897	26.8949	26.4412	26.5733	26.7297	26.63646667
Prpf3	24.1691	24.3452	24.3788	24.109	24.2741	23.7385	24.2977	24.04053333
Smyd1	21.2471	22.2206	22.0056	21.4073	22.478	21.3636	21.82443333	21.74963333
Bag3	22.9141	23.2108	22.8371	20.6623	22.5283	21.32	22.98733333	21.50353333
Slc7a5	24.6284	24.2614	24.8511	24.6779	24.0842	24.5123	24.5803	24.4248
Tbc1d9b	21.1189	21.0493	22.9245	23.0098	23.6018	23.1983	21.69756667	23.26996667
Anxa5	29.524	29.7826	29.6741	29.2964	29.6738	29.3826	29.66023333	29.45093333
Enoph1	23.7829	23.4308	22.6729	23.0379	24.3619	23.4472	23.29553333	23.61566667
Oxsr1	22.4485	21.9981	22.3883	22.5605	22.8205	22.6107	22.2783	22.6639
Map4	29.2111	29.3475	29.5119	29.6772	29.5296	29.4785	29.35683333	29.56176667
Pqbp1	24.1303	24.1802	24.8475	24.6884	23.8427	24.5981	24.386	24.3764
Atp5d	25.9194	26.7121	26.4461	25.4979	26.922	25.2293	26.3592	25.88306667
Cdc16	24.1136	24.149	23.3955	23.4074	23.0346	23.1023	23.88603333	23.18143333
Fus	28.7223	28.8692	29.3765	29.2214	28.388	28.7012	28.98933333	28.7702
Gnao1	29.8682	29.7412	29.4698	28.906	28.8979	28.99	29.69306667	28.9313
Ncln	23.5018	23.5293	23.54	22.9054	23.407	22.8822	23.5237	23.06486667
Gpx1	24.0324	25.1376	24.3123	24.5779	26.3588	25.8717	24.4941	25.6028
Cryz	24.6069	24.9017	25.0625	24.4556	24.529	24.3446	24.85703333	24.44306667
Parva	24.3674	24.1926	23.8169	24.1202	23.0988	23.798	24.12563333	23.67233333
Numa1	28.7514	28.7054	28.8628	29.0764	28.8133	28.7935	28.7732	28.8944
Eif4a1	28.2702	28.34	28.2888	28.3232	28.668	28.4064	28.29966667	28.46586667
Acap2	22.3052	20.5992	20.806	20.6483	22.0181	22.3794	21.2368	21.68193333
Cpped1	24.2772	24.6679	24.4325	23.504	23.7105	23.5444	24.4592	23.5863
Plrg1	23.5379	24.0623	24.9258	23.8324	23.3521	23.2293	24.17533333	23.47126667
Arf4	26.0615	26.1542	26.2188	26.1232	25.6388	26.0304	26.14483333	25.9308
Scarb2	25.4979	25.2688	25.174	25.6149	25.5277	26.2872	25.31356667	25.80993333
Uchl3;Uchl4	24.0865	24.0816	24.2271	24.9773	24.22	24.2436	24.13173333	24.4803
G3bp1	22.9271	22.9234	22.94	23.246	24.2187	23.309	22.93016667	23.59123333
Atp1a1	27.1545	27.1727	26.7628	26.4991	27.169	27.2686	27.03	26.9789
Hs1bp3	21.6273	22.4428	22.1588	22.1477	23.7416	22.8673	22.0763	22.91886667
Pdhx	25.4441	25.9116	26.2148	25.7293	25.6671	25.1661	25.85683333	25.52083333
Pnpo	21.563	21.2523	21.9556	22.1078	22.8592	22.3444	21.5903	22.43713333
Vamp4	23.6441	23.572	23.7688	23.6399	22.6901	23.2998	23.66163333	23.20993333
Erlin2	26.7349	26.7331	26.5613	26.5601	27.316	26.9543	26.67643333	26.94346667
Thumpd1	22.0132	21.0507	21.1385	21.735	22.4174	22.5011	21.4008	22.21783333
Rps13	26.6772	26.5858	26.6029	27.0481	26.2876	27.0444	26.62196667	26.79336667
Hmga1	27.6711	27.8201	28.6805	28.2031	28.0533	28.13	28.05723333	28.1288
Ethe1	23.1475	22.7904	22.4239	23.0913	24.1819	23.6001	22.78726667	23.62443333
Lmnb1	30.9161	30.8322	31.0053	31.0756	30.714	30.7988	30.91786667	30.8628
Slc25a22	26.4674	26.8045	26.9007	26.4244	26.0641	25.8858	26.7242	26.12476667
Commd1;Gm28048	22.8404	22.9476	23.0214	23.3336	23.4471	23.4711	22.93646667	23.41726667
Chtop	25.5545	24.9303	25.7178	25.5712	24.2081	25.2307	25.40086667	25.00333333
Rnmt	24.5661	24.4658	24.9061	24.7885	24.4656	24.3365	24.646	24.5302
Gm9774;Adrm1	22.5723	22.4721	22.858	22.6025	22.1085	22.485	22.63413333	22.39866667
Calr	29.3553	29.3287	29.3563	29.8755	29.5108	30.0123	29.34676667	29.79953333
Fdxr	24.2708	24.4118	24.5651	23.7087	23.9283	23.7869	24.4159	23.80796667
Dld	27.8018	27.9616	27.9538	27.7742	28.2133	27.7118	27.90573333	27.89976667
Trps1	22.3671	22.1286	23.3836	22.043	21.8942	21.4249	22.62643333	21.78736667
Rpl26	25.6396	25.9182	26.2016	26.6158	26.571	26.7747	25.9198	26.65383333
Ndufa7	23.9986	24.5539	24.8079	24.2089	24.7395	23.7839	24.45346667	24.2441
Pcbp1	27.606	27.9502	28.1222	27.8455	27.9101	27.3271	27.8928	27.69423333
Tubb5	27.5235	26.5951	27.2139	27.7749	28.3964	28.0365	27.11083333	28.06926667
Chchd3	26.6278	26.873	26.8837	26.2816	26.6351	26.2662	26.79483333	26.3943
Rpl19	26.0918	25.7617	26.0251	26.1268	26.1127	26.4926	25.95953333	26.24403333
Rab6a	28.3562	28.3339	28.198	27.9825	27.9353	27.8703	28.29603333	27.92936667
Mthfd1l	21.1486	21.3659	20.5737	21.212	22.8164	21.529	21.0294	21.85246667
Ampd3	23.7793	23.5492	25.1207	23.715	22.3126	23.2886	24.14973333	23.1054
Msi1	23.9404	24.4174	23.5418	22.973	21.5924	22.1871	23.96653333	22.25083333
Cd2bp2	23.0375	23.8714	23.2502	22.9606	21.7732	22.7373	23.38636667	22.49036667
H2-K1;H2-D1	21.5205	21.3503	21.9231	21.5023	22.0634	22.7181	21.59796667	22.0946
Ckb	32.7164	32.4023	32.4668	32.4499	31.0952	31.5511	32.5285	31.69873333
Trap1	26.0602	25.894	25.9542	25.89	25.5554	26.0406	25.96946667	25.82866667
Prkar1a	23.6742	20.6604	22.6522	22.631	24.4367	24.3422	22.32893333	23.8033
Sorbs1	22.4789	21.9961	23.2926	22.3748	21.852	22.1413	22.5892	22.1227
Mbd2	23.4074	23.4261	23.6302	23.4203	22.8361	22.8325	23.4879	23.02963333
Nhp2l1	25.6876	26.3982	26.5488	25.8918	25.7978	25.33	26.21153333	25.6732
Mapt	27.1492	27.0808	27.2613	26.5408	26.159	25.9461	27.16376667	26.2153
Nup35	22.6996	23.1031	25.0218	22.8313	22.7404	20.4253	23.60816667	21.999
Arrb1	26.4979	26.3319	26.816	26.1379	25.1845	26.3566	26.5486	25.893
Clip1	22.709	22.5041	23.1904	23.3073	24.0906	24.1356	22.80116667	23.8445
Ppp1cc	23.3724	23.6132	23.3333	23.3015	24.5587	23.5836	23.43963333	23.8146
Gm10036;Rpl11	26.7415	26.5871	26.5597	26.5848	27.0755	26.8778	26.62943333	26.84603333
Abce1	24.2886	24.6215	24.2489	24.625	24.562	24.6191	24.38633333	24.60203333
Ak4	24.6878	25.1812	25.4587	24.438	24.3947	23.5264	25.10923333	24.1197
Pitrm1	24.8067	24.1185	24.7567	24.8746	25.402	25.0404	24.56063333	25.10566667
Apool	24.3497	24.4844	24.6304	24.3369	24.8464	24.4651	24.48816667	24.54946667
	25.2393	25.527	26.2384	25.596	25.0907	25.5514	25.66823333	25.4127
Abcd2	23.524	23.7884	23.6888	23.4844	23.0447	22.9427	23.66706667	23.15726667
Acly	26.8504	26.8347	26.8418	26.6751	26.5245	26.6879	26.8423	26.62916667
Akt2	24.5448	24.9846	24.8807	24.1913	23.071	24.0741	24.80336667	23.7788
Tomm20	23.8905	23.6843	23.5065	23.2315	23.7076	21.4637	23.69376667	22.80093333
Tpt1	25.4669	23.9365	23.7471	24.8268	24.9174	25.04	24.3835	24.92806667
Tfam	25.1434	24.9229	25.2636	24.9488	25.2651	25.0994	25.10996667	25.10443333
Eef1b;Eef1b2	25.7559	25.5651	25.227	25.8524	25.9668	25.8379	25.516	25.8857
S100a16	25.1764	25.351	25.6869	24.944	23.1867	24.2065	25.40476667	24.1124
Ddx42	24.7401	24.9958	25.1423	24.7229	25.1211	24.7059	24.9594	24.84996667
Mettl7a1;Methig1;UbiE2;Mettl7a2	23.0784	23.2721	23.0481	23.6525	23.2286	25.6319	23.13286667	24.171
Prdx5	27.1578	27.6101	27.3915	27.4863	28.5734	27.6059	27.38646667	27.88853333
Hibadh	25.7642	26.3087	26.1899	25.3704	26.0192	24.5374	26.0876	25.309
Akr1e2;Akr1e1	24.3233	24.2515	24.5376	23.9449	23.8399	23.9562	24.3708	23.91366667
Eif4g3	23.8201	23.3623	24.5101	23.6145	22.4433	23.3134	23.8975	23.12373333
Arl8a	24.2926	24.2013	23.9866	24.0778	24.5391	24.4383	24.16016667	24.35173333
Cct8	27.357	27.2838	27.149	27.0324	27.5327	27.2928	27.26326667	27.28596667
Dock8	22.7096	21.9938	21.119	22.3774	24.1209	22.8643	21.9408	23.12086667
Blmh	23.899	23.678	23.5121	23.9091	24.4476	24.9591	23.69636667	24.4386
Mia3	23.2002	23.1737	23.3791	23.3265	22.3162	23.3673	23.251	23.00333333
Cbx1	25.0435	24.7436	24.6073	25.8495	25.3589	25.4235	24.79813333	25.54396667
Slco2b1	22.4484	21.0471	19.7122	23.2003	23.0996	23.6518	21.06923333	23.31723333
Kars	25.3297	25.006	25.2981	25.439	25.5145	25.9033	25.21126667	25.61893333
Ilf2	27.4227	26.866	26.9107	27.0675	25.7503	26.4383	27.06646667	26.4187
Rhoa;Rhoc	25.9213	26.0518	25.899	26.1862	26.5309	27.3602	25.95736667	26.69243333
Ppp2r1a	28.0256	27.9668	27.9424	27.5777	27.4829	27.5832	27.97826667	27.54793333
Ccbl2	24.1175	23.5451	24.1839	23.3667	21.8872	23.2591	23.94883333	22.83766667
Cask	24.286	24.4222	24.3453	23.3768	22.9206	23.0958	24.35116667	23.13106667
Mras	23.767	24.2031	24.2773	23.439	23.0005	23.1147	24.08246667	23.18473333
Naprt	23.831	24.4027	24.8744	23.4529	23.2303	22.9811	24.36936667	23.22143333
Tjp1	25.1811	25.1251	24.9838	25.5087	25.9175	25.9571	25.09666667	25.79443333
Lrpprc	26.0144	26.0174	25.5867	25.8834	26.1995	26.191	25.87283333	26.0913
Rhot1	22.1569	21.8693	21.715	22.4382	21.6594	22.0303	21.91373333	22.04263333
Hnrnpm	29.0652	29.3464	29.102	28.9309	29.2616	28.3629	29.1712	28.8518
Prpf31	23.3362	23.7638	23.6387	23.7481	23.7782	23.2646	23.57956667	23.59696667
Armc10	22.9718	22.6823	22.3125	22.6976	23.3156	23.6026	22.65553333	23.20526667
Exosc10	22.4294	22.1445	22.3596	22.5786	22.4213	22.3619	22.31116667	22.45393333
Tpp1	25.2642	24.8661	25.022	25.9433	25.4534	26.0892	25.05076667	25.82863333
Sar1a	24.2465	24.7039	24.8691	24.6114	24.3721	24.2588	24.6065	24.4141
Ndufaf2	22.7611	22.8792	22.8272	22.8478	22.7954	22.8431	22.8225	22.82876667
Gys1	24.3793	24.4415	25.1488	24.0974	20.6742	23.6329	24.65653333	22.8015
Stmn1	25.2958	24.7871	24.6131	24.9914	25.8127	25.1886	24.89866667	25.3309
Slc39a12	22.6126	22.6225	24.1178	22.61	22.2498	22.3032	23.11763333	22.38766667
Ppp1cb	23.5365	23.8566	23.5937	23.6914	21.3608	22.7553	23.66226667	22.6025
Ndufv1	26.9175	27.0001	27.1356	26.7526	26.7833	26.8486	27.01773333	26.79483333
Gnb1	24.8027	24.6824	24.2656	25.0269	22.4585	25.6913	24.58356667	24.39223333
Pkm	24.8426	24.2101	23.4857	23.2888	24.4649	24.088	24.17946667	23.94723333
Fads2	24.615	24.4059	23.9478	23.9612	22.5459	23.5842	24.3229	23.36376667
Myl2;Myl10	24.7737	25.5106	25.0518	24.6764	25.9128	24.3953	25.11203333	24.99483333