Lake	ln.N	ln.C	ln.P	Edible C:P (molar ratio)	SizeUninf	AERUninf	SporeYield	IntPrev	SizeInf
Airline	33.21507937	5.564855976	1.251743218	213.3927256	62.31875	1.198445767	11254.71183	1.914325831	1.246144781
Beaver Dam	42.13392857	5.662472887	1.581204077	185.0491325	62.02203248	1.094954616	13510.41667	7.995039118	1.241314599
Benefiel	45.24732143	5.836559186	1.42287771	220.2540628	56.18024722	1.234436297	4593.771501	1.908209746	1.126301282
Canvasback	29.2978836	5.728909261	1.101931324	273.8554879	60.11945918	1.044874063	9163.846042	7.899268903	1.207412757
Downing	35.02918193	5.607764007	1.027700474	271.4708378	59.75636102	1.105436295	8713.457961	8.177034563	1.18941342
Gambill	27.67891156	5.183800638	0.845711298	209.1445089	56.33601429	0.994284759	5923.796548	1.159299292	1.118888889
Goodman	61.39448052	6.000008812	2.035131926	142.244268	63.82582875	1.479367145	17618.86724	20.12707153	1.27001586
Goose	37.88296868	5.716605617	1.595441696	166.9648214	59.70888358	1.284651508	6978.997565	4.234062193	1.176051587
Island	47.24867725	6.002541091	1.250080749	314.7596082	59.09408573	1.171476432	12988.59016	15.19532523	1.197968662
Midland	112.5277778	6.317288289	2.537240091	113.1098076	68.62085251	1.208086489	13906.54729	12.95266407	1.35401585
Scott	46.91111111	5.797945147	1.681304605	159.5007111	64.06941891	2.094873943	17205.31849	5.468465706	1.308359875
Todd	27.06487374	5.501450964	0.896166487	263.1335434	60.95514432	0.966681741	8326.388889	4.638179008	1.210013213