Year	Week	Date	Specimens.tested	A.H1N1	A.H3N2	A.H1N1pdm	B	GPratePer1000
2009	1	29/12/2008 - 04/01/2009	777	27	11	0	4	28.11550152
2009	2	05/01/2009 - 11/01/2009	776	39	16	0	5	35.92727273
2009	3	12/01/2009 - 18/01/2009	755	71	17	0	8	38.48759995
2009	4	19/01/2009 - 25/01/2009	918	135	29	0	11	27.72605007
2009	5	26/01/2009 - 01/02/2009	850	160	28	0	18	37.76914931
2009	6	02/02/2009 - 08/02/2009	1151	281	55	0	7	48.97334524
2009	7	09/02/2009 - 15/02/2009	1110	232	52	0	10	49.34652498
2009	8	16/02/2009 - 22/02/2009	993	215	40	0	2	55.30424632
2009	9	23/02/2009 - 01/03/2009	886	169	27	0	5	45.85408731
2009	10	02/03/2009 - 08/03/2009	839	122	23	0	10	40.77144307
2009	11	09/03/2009 - 15/03/2009	838	73	24	0	12	39.2412395
2009	12	16/03/2009 - 22/03/2009	850	36	26	0	12	32.94352539
2009	13	23/03/2009 - 29/03/2009	790	36	19	0	12	34.94874185
2009	14	30/03/2009 - 05/04/2009	731	18	15	0	7	39.33784265
2009	15	06/04/2009 - 12/04/2009	810	13	10	0	8	38.10947132
2009	16	13/04/2009 - 19/04/2009	892	14	10	0	9	36.62575492
2009	17	20/04/2009 - 26/04/2009	776	12	10	0	3	36.65338645
2009	18	27/04/2009 - 03/05/2009	859	11	16	2	3	42.55666069
2009	19	04/05/2009 - 10/05/2009	1229	3	19	0	13	38.16905528
2009	20	11/05/2009 - 17/05/2009	1041	9	17	1	3	38.29714481
2009	21	18/05/2009 - 24/05/2009	1217	4	21	9	12	40.02911208
2009	22	25/05/2009 - 31/05/2009	1365	4	32	47	6	37.61638734
2009	23	01/06/2009 - 07/06/2009	1483	3	24	23	14	41.52884969
2009	24	08/06/2009 - 14/06/2009	1767	11	45	72	5	39.97157577
2009	25	15/06/2009 - 21/06/2009	3649	19	121	275	13	41.0506175
2009	26	22/06/2009 - 28/06/2009	3369	37	158	384	11	39.63930115
2009	27	29/06/2009 - 05/07/2009	2194	42	231	239	6	41.8760469
2009	28	06/07/2009 - 12/07/2009	2759	62	414	343	12	47.2972973
2009	29	13/07/2009 - 19/07/2009	3760	102	662	558	16	45.9697733
2009	30	20/07/2009 - 26/07/2009	5048	91	875	930	26	49.37570942
2009	31	27/07/2009 - 02/08/2009	6270	103	907	1261	24	51.06693416
2009	32	03/08/2009 - 09/08/2009	5897	84	711	1344	25	55.54359526
2009	33	10/08/2009 - 16/08/2009	4746	88	581	1082	22	46.18843245
2009	34	17/08/2009 - 23/08/2009	5404	127	633	1630	20	62.46605106
2009	35	24/08/2009 - 30/08/2009	5509	131	447	1760	24	67.19768284
2009	36	31/08/2009 - 06/09/2009	5247	97	417	1659	41	77.84820413
2009	37	07/09/2009 - 13/09/2009	5638	80	242	2400	14	92.64931087
2009	38	14/09/2009 - 20/09/2009	5574	36	103	2914	21	113.2010944
2009	39	21/09/2009 - 27/09/2009	5755	36	74	3326	11	118.6052431
2009	40	28/09/2009 - 04/10/2009	3441	10	35	1660	14	115.1832461
2009	41	05/10/2009 - 11/10/2009	2909	2	34	1013	13	80.45823898
2009	42	12/10/2009 - 18/10/2009	2005	4	6	469	16	62.76686593
2009	43	19/10/2009 - 25/10/2009	1665	5	1	257	6	55.69620253
2009	44	26/10/2009 - 01/11/2009	1733	1	1	234	1	46.21270084
2009	45	02/11/2009 - 08/11/2009	1608	0	0	123	1	42.68118018
2009	46	09/11/2009 - 15/11/2009	2175	0	2	115	0	44.14754574
2009	47	16/11/2009 - 22/11/2009	1800	0	1	142	4	44.8455789
2009	48	23/11/2009 - 29/11/2009	2270	0	3	296	1	50.16051364
2009	49	30/11/2009 - 06/12/2009	2439	0	0	319	1	44.22666164
2009	50	07/12/2009 - 13/12/2009	2316	0	5	260	2	38.95102198
2009	51	14/12/2009 - 20/12/2009	2166	0	0	249	4	48.78383949
2009	52	21/12/2009 - 27/12/2009	2134	0	2	237	1	40.35185702
2009	53	28/12/2009 - 03/01/2010	2372	0	3	258	12	28.40603123
2010	1	04/01/2010 - 10/01/2010	1680	0	1	210	7	40.32258065
2010	2	11/01/2010 - 17/01/2010	1813	0	0	214	13	49.30847865
2010	3	18/01/2010 - 24/01/2010	1879	0	0	202	12	42.972628
2010	4	25/01/2010 - 31/01/2010	1610	0	0	150	18	36.98039761
2010	5	01/02/2010 - 07/02/2010	1641	0	0	113	42	52.83978525
2010	6	08/02/2010 - 14/02/2010	1589	0	0	98	52	53.96518375
2010	7	15/02/2010 - 21/02/2010	1306	0	0	81	25	42.80417931
2010	8	22/02/2010 - 28/02/2010	1854	0	2	64	51	55.13495721
2010	9	01/03/2010 - 07/03/2010	2072	0	1	114	107	51.10622331
2010	10	08/03/2010 - 14/03/2010	1824	0	2	122	115	50.99289041
2010	11	15/03/2010 - 21/03/2010	2045	0	0	119	168	59.10283644
2010	12	22/03/2010 - 28/03/2010	2305	0	2	88	233	60.03799873
2010	13	29/03/2010 - 04/04/2010	2021	0	3	44	150	53.13059034
2010	14	05/04/2010 - 11/04/2010	1575	0	0	39	93	50
2010	15	12/04/2010 - 18/04/2010	1516	1	0	31	83	51.52609124
2010	16	19/04/2010 - 25/04/2010	1570	0	1	26	81	48.30782194
2010	17	26/04/2010 - 02/05/2010	1323	0	0	22	102	50.1175779
2010	18	03/05/2010 - 09/05/2010	1684	0	5	22	97	47.62538247
2010	19	10/05/2010 - 16/05/2010	1351	0	0	37	80	48.97494305
2010	20	17/05/2010 - 23/05/2010	1230	0	0	15	67	54.34212825
2010	21	24/05/2010 - 30/05/2010	1127	0	4	18	71	45.8289651
2010	22	31/05/2010 - 06/06/2010	872	0	3	10	35	42.30215827
2010	23	07/06/2010 - 13/06/2010	844	0	3	8	31	53.46715328
2010	24	14/06/2010 - 20/06/2010	895	0	4	10	34	40.69292368
2010	25	21/06/2010 - 27/06/2010	884	0	12	11	23	44.42462087
2010	26	28/06/2010 - 04/07/2010	732	0	8	12	29	44.35946463
2010	27	05/07/2010 - 11/07/2010	870	0	29	26	35	47.83393502
2010	28	12/07/2010 - 18/07/2010	897	0	33	49	37	40.06541292
2010	29	19/07/2010 - 25/07/2010	937	0	49	52	25	51.51729005
2010	30	26/07/2010 - 01/08/2010	932	0	80	50	28	53.42416637
2010	31	02/08/2010 - 08/08/2010	1020	0	150	67	21	46.71280277
2010	32	09/08/2010 - 15/08/2010	1145	0	222	60	22	41.48278906
2010	33	16/08/2010 - 22/08/2010	1237	0	271	68	34	37.78121243
2010	34	23/08/2010 - 29/08/2010	1459	0	399	39	22	55.50796642
2010	35	30/08/2010 - 05/09/2010	1451	0	408	38	14	50.88184798
2010	36	06/09/2010 - 12/09/2010	1486	0	455	25	11	59.5700209
2010	37	13/09/2010 - 19/09/2010	1560	0	520	12	9	57.83267827
2010	38	20/09/2010 - 26/09/2010	1560	0	405	16	15	60.80525883
2010	39	27/09/2010 - 03/10/2010	1437	0	381	21	14	50.62937063
2010	40	04/10/2010 - 10/10/2010	1417	0	288	11	9	45.99406528
2010	41	11/10/2010 - 17/10/2010	1261	0	170	30	9	50.58915947
2010	42	18/10/2010 - 24/10/2010	1266	0	104	22	7	49.96347699
2010	43	25/10/2010 - 31/10/2010	1004	0	64	7	10	47.15628485
2010	44	01/11/2010 - 07/11/2010	1111	0	53	8	15	42.31692677
2010	45	08/11/2010 - 14/11/2010	1133	0	19	9	6	28.85048835
2010	46	15/11/2010 - 21/11/2010	1273	0	36	14	7	40.05589194
2010	47	22/11/2010 - 28/11/2010	1247	0	19	17	10	35.92733189
2010	48	29/11/2010 - 05/12/2010	1222	0	19	8	12	38.0097664
2010	49	06/12/2010 - 12/12/2010	1198	0	11	8	4	39.7870552
2010	50	13/12/2010 - 19/12/2010	1194	0	4	13	7	42.55626082
2010	51	20/12/2010 - 26/12/2010	1237	0	15	23	12	46.24797553
2010	52	27/12/2010 - 02/01/2011	1024	0	6	43	9	43.69369369
2011	1	03/01/2011 - 09/01/2011	1256	0	14	83	10	47.21583065
2011	2	10/01/2011 - 16/01/2011	1267	0	15	180	14	49.78709466
2011	3	17/01/2011 - 23/01/2011	1667	0	18	409	22	65.78947368
2011	4	24/01/2011 - 30/01/2011	2145	0	22	616	37	71.30934718
2011	5	31/01/2011 - 06/02/2011	1774	0	23	542	28	47.46535029
2011	6	07/02/2011 - 13/02/2011	2858	0	25	890	56	48.95700298
2011	7	14/02/2011 - 20/02/2011	1776	0	8	451	24	63.90347447
2011	8	21/02/2011 - 27/02/2011	1603	0	9	266	39	60.6749641
2011	9	28/02/2011 - 06/03/2011	1587	0	6	179	46	42.00807848
2011	10	07/03/2011 - 13/03/2011	1297	0	6	80	46	41.18838623
2011	11	14/03/2011 - 20/03/2011	1127	0	0	21	40	35.55104114
2011	12	21/03/2011 - 27/03/2011	1122	0	0	15	45	44.20021503
2011	13	28/03/2011 - 03/04/2011	1194	0	0	9	57	47.69560557
2011	14	04/04/2011 - 10/04/2011	1140	0	1	5	39	45.49975137
2011	15	11/04/2011 - 17/04/2011	1225	0	0	5	46	48.13259167
2011	16	18/04/2011 - 24/04/2011	1008	0	7	5	47	46.39764744
2011	17	25/04/2011 - 01/05/2011	1134	0	1	1	21	37.0089201
2011	18	02/05/2011 - 08/05/2011	939	0	1	0	22	39.50355683
2011	19	09/05/2011 - 15/05/2011	1008	0	0	0	24	42.25570918
2011	20	16/05/2011 - 22/05/2011	988	0	2	0	18	44.37095218
2011	21	23/05/2011 - 29/05/2011	1069	0	0	0	15	40.62968516
2011	22	30/05/2011 - 05/06/2011	1080	0	1	0	16	45.70670526
2011	23	06/06/2011 - 12/06/2011	1022	0	0	0	17	44.25531915
2011	24	13/06/2011 - 19/06/2011	982	0	0	0	12	38.74852729
2011	25	20/06/2011 - 26/06/2011	1107	0	1	4	18	41.26940888
2011	26	27/06/2011 - 03/07/2011	959	0	4	2	20	33.2071576
2011	27	04/07/2011 - 10/07/2011	1018	0	6	2	10	40.49325112
2011	28	11/07/2011 - 17/07/2011	1003	0	12	5	15	37.45517333
2011	29	18/07/2011 - 24/07/2011	949	0	15	1	29	36.23188406
2011	30	25/07/2011 - 31/07/2011	1001	0	22	0	26	31.66561115
2011	31	01/08/2011 - 07/08/2011	930	0	20	2	19	33.04597701
2011	32	08/08/2011 - 14/08/2011	957	0	11	1	22	30.85943527
2011	33	15/08/2011 - 21/08/2011	1001	0	19	1	25	31.93754436
2011	34	22/08/2011 - 28/08/2011	1033	0	24	1	11	37.91469194
2011	35	29/08/2011 - 04/09/2011	1069	0	45	1	22	37.65312701
2011	36	05/09/2011 - 11/09/2011	1023	0	50	1	8	42.91917168
2011	37	12/09/2011 - 18/09/2011	1116	0	60	1	17	39.58529689
2011	38	19/09/2011 - 25/09/2011	1054	0	73	0	15	42.2614841
2011	39	26/09/2011 - 02/10/2011	954	0	38	1	10	40.0461437
2011	40	03/10/2011 - 09/10/2011	1122	0	96	0	10	36.0121304
2011	41	10/10/2011 - 16/10/2011	946	0	78	0	4	38.39645972
2011	42	17/10/2011 - 23/10/2011	982	0	57	0	13	37.0847283
2011	43	24/10/2011 - 30/10/2011	1013	0	68	0	1	38.39888294
2011	44	31/10/2011 - 06/11/2011	1045	0	51	0	6	35.56308213
2011	45	07/11/2011 - 13/11/2011	949	0	59	0	8	33.36459869
2011	46	14/11/2011 - 20/11/2011	1074	0	51	0	16	35.13366067
2011	47	21/11/2011 - 27/11/2011	982	0	44	0	9	37.84837711
2011	48	28/11/2011 - 04/12/2011	1057	0	70	0	15	37.98908098
2011	49	05/12/2011 - 11/12/2011	1003	0	41	0	22	39.62653349
2011	50	12/12/2011 - 18/12/2011	1077	0	42	1	41	43.19761668
2011	51	19/12/2011 - 25/12/2011	1226	0	42	0	76	33.05785124
2011	52	26/12/2011 - 01/01/2012	1201	0	45	1	70	37.62706721
2012	1	02/01/2012 - 08/01/2012	1127	0	38	2	78	30.93306288
2012	2	09/01/2012 - 15/01/2012	1091	0	44	2	106	40.75164139
2012	3	16/01/2012 - 22/01/2012	1199	0	61	3	189	31.32466153
2012	4	23/01/2012 - 29/01/2012	1137	0	64	4	160	41.71704958
2012	5	30/01/2012 - 05/02/2012	1461	0	108	3	295	48.74575529
2012	6	06/02/2012 - 12/02/2012	1563	0	77	10	333	47.77415852
2012	7	13/02/2012 - 19/02/2012	1725	0	83	15	406	58.20381767
2012	8	20/02/2012 - 26/02/2012	1673	0	70	4	347	56.7452984
2012	9	27/02/2012 - 04/03/2012	1630	0	85	0	285	50.22056328
2012	10	05/03/2012 - 11/03/2012	1924	0	96	2	332	50.37051873
2012	11	12/03/2012 - 18/03/2012	1926	0	190	5	255	54.33414044
2012	12	19/03/2012 - 25/03/2012	2085	0	247	0	260	52.34732032
2012	13	26/03/2012 - 01/04/2012	2135	0	263	4	173	46.15232247
2012	14	02/04/2012 - 08/04/2012	1876	0	224	3	112	46.60263252
2012	15	09/04/2012 - 15/04/2012	1486	0	194	1	50	41.93290735
2012	16	16/04/2012 - 22/04/2012	1557	0	264	1	33	40.62159215
2012	17	23/04/2012 - 29/04/2012	1481	0	302	4	37	56.49717514
2012	18	30/04/2012 - 06/05/2012	1943	0	404	4	34	49.33637217
2012	19	07/05/2012 - 13/05/2012	2117	0	603	6	18	56.17728532
2012	20	14/05/2012 - 20/05/2012	2414	0	875	5	18	58.62030536
2012	21	21/05/2012 - 27/05/2012	2691	0	1054	3	10	66.79541066
2012	22	28/05/2012 - 03/06/2012	2431	0	905	5	3	53.28452308
2012	23	04/06/2012 - 10/06/2012	2494	0	714	2	3	50.82295374
2012	24	11/06/2012 - 17/06/2012	2219	0	493	0	10	44.42138038
2012	25	18/06/2012 - 24/06/2012	1774	0	375	2	1	43.20132927
2012	26	25/06/2012 - 01/07/2012	1977	0	274	3	6	32.83191629
2012	27	02/07/2012 - 08/07/2012	1520	0	167	2	1	35.33220721
2012	28	09/07/2012 - 15/07/2012	1376	0	136	2	0	40.21410925
2012	29	16/07/2012 - 22/07/2012	1360	0	80	3	0	29.82578397
2012	30	23/07/2012 - 29/07/2012	1255	0	65	3	5	36.63396689
2012	31	30/07/2012 - 05/08/2012	1348	0	71	2	1	24.68739981
2012	32	06/08/2012 - 12/08/2012	1311	0	48	0	0	19.54928048
2012	33	13/08/2012 - 19/08/2012	1220	0	44	0	0	27.03887752
2012	34	20/08/2012 - 26/08/2012	1292	0	41	1	0	34.03465347
2012	35	27/08/2012 - 02/09/2012	1245	0	30	0	1	29.27762248
2012	36	03/09/2012 - 09/09/2012	1177	0	24	2	1	19.52373909
2012	37	10/09/2012 - 16/09/2012	1205	0	15	1	1	36.93774203
2012	38	17/09/2012 - 23/09/2012	1342	0	41	0	1	33.20090806
2012	39	24/09/2012 - 30/09/2012	1237	0	12	1	0	38.46153846
2012	40	01/10/2012 - 07/10/2012	1165	0	8	3	1	37.45778324
2012	41	08/10/2012 - 14/10/2012	1137	0	10	4	1	33.48097968
2012	42	15/10/2012 - 21/10/2012	1185	0	6	2	3	32.53220024
2012	43	22/10/2012 - 28/10/2012	1085	0	7	1	1	38.29859346
2012	44	29/10/2012 - 04/11/2012	1040	0	1	3	1	34.70403353
2012	45	05/11/2012 - 11/11/2012	1266	0	6	3	0	31.72797371
2012	46	12/11/2012 - 18/11/2012	1195	0	4	2	3	32.17192269
2012	47	19/11/2012 - 25/11/2012	1305	0	8	2	0	33.49581302
2012	48	26/11/2012 - 02/12/2012	1205	0	10	1	4	32.78229196
2012	49	03/12/2012 - 09/12/2012	1263	0	27	8	3	35.71428571
2012	50	10/12/2012 - 16/12/2012	1399	0	28	9	3	38.63247863
2012	51	17/12/2012 - 23/12/2012	1434	0	16	34	4	41.14590647
2012	52	24/12/2012 - 30/12/2012	1324	0	25	17	1	36.33581947
2013	1	31/12/2012 - 06/01/2013	1226	0	28	17	1	34.20259468
2013	2	07/01/2013 to 13/01/2013	1436	0	40	30	6	33.41668561
2013	3	14/01/2013 to 20/01/2013	1573	0	29	42	4	36.52108434
2013	4	21/01/2013 to 27/01/2013	1602	0	37	46	9	43.64981504
2013	5	28/01/2013 to 03/02/2013	1564	0	37	61	6	40.07610893
2013	6	04/02/2013 to 10/02/2013	1657	0	25	81	2	23.6347359
2013	7	11/02/2013 to 17/02/2013	1450	0	29	81	2	20.50405809
2013	8	18/02/2013 to 24/02/2013	1654	0	22	116	5	43.61455636
2013	9	25/02/2013 to 03/03/2013	1751	0	29	125	5	47.61904762
2013	10	04/03/2013 to 10/03/2013	1695	0	34	133	6	47.54509617
2013	11	11/03/2013 to 17/03/2013	1764	0	26	142	9	40.79433498
2013	12	18/03/2013 to 24/03/2013	1689	0	36	101	9	47.55820557
2013	13	25/03/2013 to 31/03/2013	1499	0	26	99	7	53.70950888
2013	14	01/04/2013 to 07/04/2013	1550	0	34	88	6	49.11591356
2013	15	08/04/2013 to 14/04/2013	1777	0	16	99	13	36.56126482
2013	16	15/04/2013 to 21/04/2013	1857	0	27	94	5	51.7328825
2013	17	22/04/2013 to 28/04/2013	1681	0	8	69	4	31.2962963
2013	18	29/04/2013 to 05/05/2013	1685	0	16	42	10	32.81692487
2013	19	06/05/2013 to 12/05/2013	1617	0	16	31	1	44.49773515
2013	20	13/05/2013 to 19/05/2013	1480	0	12	30	8	42.89990023
2013	21	20/05/2013 to 26/05/2013	1602	0	9	39	5	40.97839898
2013	22	27/05/2013 to 02/06/2013	1590	0	9	21	7	42.73242457
2013	23	03/06/2013 to 09/06/2013	1546	0	21	20	5	41.6122952
2013	24	10/06/2013 to 16/06/2013	1563	0	19	23	7	39.46061036
2013	25	17/06/2013 to 23/06/2013	1553	0	29	36	5	40.21114734
2013	26	24/06/2013 to 30/06/2013	1528	0	25	28	10	41.75864606
2013	27	01/07/2013 to 07/07/2013	1353	0	37	31	4	49.0086879
2013	28	08/07/2013 to 14/07/2013	1445	0	57	24	6	34.96271748
2013	29	15/07/2013 to 21/07/2013	1392	0	74	20	3	38.96103896
2013	30	22/07/2013 to 28/07/2013	1468	0	87	17	1	34.86750349
2013	31	29/07/2013 to 04/08/2013	1577	0	112	30	2	35.97122302
2013	32	05/08/2013 to 11/08/2013	1671	0	134	19	4	37.69979152
2013	33	12/08/2013 to 18/08/2013	1653	0	148	21	6	36.1637725
2013	34	19/08/2013 to 25/08/2013	1515	0	111	13	5	40.54269753
2013	35	26/08/2013 to 01/09/2013	1523	0	97	14	5	40.63331932
2013	36	02/09/2013 to 08/09/2013	1581	0	138	9	14	37.87120454
2013	37	09/09/2013 to 15/09/2013	1680	0	210	19	14	30.21938108
2013	38	16/09/2013 to 22/09/2013	1654	0	200	6	16	43.32533973
2013	39	23/09/2013 to 29/09/2013	1725	0	139	7	31	29.74321079
2013	40	30/09/2013 to 06/10/2013	1571	0	121	0	21	49.62546816
2013	41	07/10/2013 to 13/10/2013	1482	0	101	8	20	41.20834017
2013	42	14/10/2013 to 20/10/2013	1347	0	45	2	9	41.00311184
2013	43	21/10/2013 to 27/10/2013	1393	0	30	0	5	38.52002027
2013	44	28/10/2013 to 03/11/2013	1525	0	28	3	14	44.2526625
2013	45	04/11/2013 to 10/11/2013	1474	0	22	1	18	35.5561902
2013	46	11/11/2013 to 17/11/2013	1306	0	28	4	5	33.8549984
2013	47	18/11/2013 to 24/11/2013	1446	0	25	1	8	33.49964362
2013	48	25/11/2013 to 01/12/2013	1613	0	14	9	9	37.61291278
2013	49	02/12/2013 to 08/12/2013	1938	0	19	8	21	33.50576064
2013	50	09/12/2013 to 15/12/2013	2191	0	22	15	42	37.84326859
2013	51	16/12/2013 to 22/12/2013	1891	0	38	27	53	36.44093532
2013	52	23/12/2013 to 29/12/2013	1921	0	73	45	41	33.56408643
2014	1	29/12/2013 - 04/01	2164	0	111	93	64	45
2014	2	05/01 - 11/01	2412	0	140	230	109	43.8
2014	3	12/01 - 18/01	2307	0	144	249	104	52.9
2014	4	19/01 - 25/01	2589	0	169	305	127	50.6
2014	5	26/01 - 01/02	2676	0	171	321	179	48.3
2014	6	02/02 - 08/02	3042	0	177	394	202	59.5
2014	7	09/02 - 15/02	2588	0	168	405	181	35.5
2014	8	16/02 - 22/02	2879	0	206	431	267	47.2
2014	9	23/02 - 01/03	2882	0	178	411	291	47.9
2014	10	02/03 - 08/03	2516	0	131	229	291	37.5
2014	11	09/03 - 15/03	2433	0	78	122	288	55.3
2014	12	16/03 - 22/03	2553	0	60	110	299	51.4
2014	13	23/03 - 29/03	2533	0	53	61	297	47.8
2014	14	30/03 - 05/04	2186	0	40	46	189	45.2
2014	15	06/04 - 12/04	2552	0	53	38	196	43.7
2014	16	13/04 - 19/04	2309	0	21	26	161	43.8
2014	17	20/04 - 26/04	2297	0	19	7	149	50.8
2014	18	27/04 - 03/05	2193	0	25	6	117	38.8
2014	19	04/05 - 10/05	1933	0	29	2	63	41.8
2014	20	11/05 - 17/05	1919	0	11	14	58	33.3
2014	21	18/05 - 24/05	1972	0	38	6	61	42.3
2014	22	25/05 - 31/05	2061	0	80	6	54	49.9
2014	23	01/06 - 07/06	2132	0	118	12	80	56.5
2014	24	08/06 - 14/06	2183	0	191	12	64	46.4
2014	25	15/06 - 21/06	2048	0	162	5	60	48.7
2014	26	22/06 - 28/06	1825	0	143	2	34	41.7
2014	27	29/06 - 05/07	1867	0	171	3	14	32.3
2014	28	06/07 - 12/07	1945	0	169	2	17	40.3
2014	29	13/07 - 19/07	1924	0	138	3	33	40.5
2014	30	20/07 - 26/07	1728	0	103	0	18	31.3
2014	31	27/07 - 02/08	1709	0	96	1	29	22.9
2014	32	03/08 - 09/08	1653	0	76	1	12	16.4
2014	33	10/08 - 16/08	1549	0	43	4	11	10
2014	34	17/08 - 23/08	1480	0	37	2	11	30.5
2014	35	24/08 - 30/08	1638	0	49	2	9	30.1
2014	36	31/08 - 06/09	1844	0	33	1	8	33.3
2014	37	07/09 - 13/09	1848	0	23	1	19	45.2
2014	38	14/09 - 20/09	1949	0	22	1	15	44.5
2014	39	21/09 - 27/09	1983	0	9	3	14	24.7
2014	40	28/09 - 04/10	1912	0	16	8	12	29.4
2014	41	05/10 - 11/10	1857	0	6	2	5	27.5
2014	42	12/10 - 18/10	1898	0	9	4	4	36.1
2014	43	19/10 - 25/10	1797	0	3	4	4	38.4
2014	44	26/10 - 01/11	1962	0	6	1	2	42.4
2014	45	02/11 - 08/11	1964	0	4	0	1	41.3
2014	46	09/11 - 15/11	1812	0	3	0	1	30.8
2014	47	16/11 - 22/11	2102	0	11	0	7	45.7
2014	48	23/11 - 29/11	2140	0	15	0	2	49.5
2014	49	30/11 - 06/12	2045	0	29	0	3	38.9
2014	50	07/12 - 13/12	2158	0	62	1	10	36.5
2014	51	14/12 - 20/12	2373	0	77	0	3	50.8
2014	52	21/12 - 27/12	2495	0	199	20	6	32.6