Treatment 	Rep	Day1	Day 4	Day 7	Day 10	Day 13	Day 16	Day 19	Day 22	Day 25	Day 28
1	1	0	4.2	6.7	9.2	12.5	17.6	20.1	23.8	27.1	29.8
1	2	0	3.4	5.9	9	12.1	17.2	20.4	24	27.5	30
1	3	0	4.7	6.3	9.4	11.9	17.7	20	23.8	27.6	29.5
2	1	0	0	0	0	1.8	7.3	9.8	12.4	14.3	15.4
2	2	0	0	0	0	2.2	7.9	9.6	12.7	14.6	15.7
2	3	0	0	0	0	2	7.2	10	13	14	15
3	1	0	0	0.6	4.3	7	10.5	13.4	15.1	17.2	19.8
3	2	0	0	0.8	5.1	6.9	10	13.6	15.4	17	20
3	3	0	0	1.1	4	7.3	11	14.1	14.9	17.5	20.5
4	1	0	0	0	1.7	8.4	11.7	16.2	21.1	28.5	37.4
4	2	0	0	0	2.2	8	12	16	22	29	38
4	3	0	0	0	2.5	8.6	11.5	16.3	21.5	28.4	37.8
5	1	0	0	0	2.1	8.5	12.2	17.7	23	29.3	34.7
5	2	0	0	0	2.3	8.5	12.1	18	23.4	28.9	34.8
5	3	0	0	0	2	7.2	12	18.1	22.9	29.1	35.1
6	1	0	0	0	4.3	12	19	21.6	25.8	29	33.9
6	2	0	0	0	4.4	12.4	19.5	22	26	29.3	34
6	3	0	0	0	4.8	11.8	19.1	21.7	25.5	29.8	33.7
7	1	0	0	0	0.9	4	6.6	9.3	10.5	13.2	15
7	2	0	0	0	1.2	3.5	6.2	9	11.1	13.2	14.8
7	3	0	0	0	1.1	4.6	6.9	9.5	10.6	13.6	15.4
8	1	0	0	0	2.9	10.8	15	22	30.3	37.8	45
8	2	0	0	0	3.1	10.6	15.3	22.3	30.4	37.2	45.1
8	3	0	0	0	3.5	11	15	22.1	30.7	37	45.6
9	1	0	0	0	4.5	11	16.7	21.3	32	41.8	49.2
9	2	0	0	0	5	11.6	16.9	21.2	32.5	41.3	49.4
9	3	0	0	0	5.3	10.9	16.1	21.7	31.5	42.1	49.7
10	1	0	0	3.9	9.4	15.6	19.1	26.4	30.7	37.9	43
10	2	0	0	4.3	9.8	15.8	19	27	31.2	38.2	43.5
10	3	0	0	4.2	10.1	15.2	19.3	16.1	30.8	38	43.7
11	1	0	2	7.9	11.5	17.8	28	31.4	37	40.2	44.5
11	2	0	2.1	8.3	11.6	18	28.5	31.1	37.8	40.3	44.6
11	3	0	2.3	8	11	17.4	29	32	37.3	40.7	44.2
12	1	0	6.2	7	12	13.3	23	31.4	37	39.3	40.2
12	2	0	6.1	7.3	11.6	13.2	23.6	31.6	37.1	39.2	40.2
12	3	0	6.8	6.4	12.4	13.6	23.4	31	37.2	39.7	40.5
13	1	0	4.8	5.3	9.4	12.9	17.6	25.6	27.1	29	31.6
13	2	0	5.2	4.8	9	13	17.9	25.6	27	28.9	32.2
13	3	0	5.3	5.7	9.5	13.2	17.2	26	27.6	29.3	31.5
14	1	0	1.4	3.6	6	7.9	10.5	13.9	15.8	28	36.2
14	2	0	1.8	4	5.8	7.6	11	14	16	27.4	36.5
14	3	0	2	3.5	5.3	8.1	10.2	13.7	15.6	29.1	36.7
15	1	0	4	7.2	9.4	12	19.1	25.4	21	14.4	6
15	2	0	3.3	7.8	9.5	12.4	19.2	25.7	21.5	13.9	6.3
15	3	0	3.8	7.3	9.8	12.3	19.4	26	21.5	14.2	5.9
16	1	0	6	8.4	9	12.2	16.8	19.7	21.8	27.7	32
16	2	0	5.4	8.2	8.9	12.1	17	20	21.3	28	31.5
16	3	0	6.2	8.3	8.5	12.4	16.9	20.3	21.5	27.9	32.1
17	1	0	5.2	7	11.9	15.6	21.8	25.5	28.1	30	33.1
17	2	0	5.1	6.4	12	15.7	21.5	25.4	28	30.4	33.4
17	3	0	5.8	6.8	11.6	16.1	22	26	28.5	30.3	33.2
18	1	0	5.8	6.2	8.7	15.7	17	20.2	26.4	28.9	30.2
18	2	0	4.9	5.8	8.5	15.4	16.8	20.4	26	29.1	30.3
18	3	0	5.5	6.1	9.1	15.3	17.6	20.2	26.7	28.7	30.7
19	1	0	3.9	6	6.3	10.9	11.5	14.3	21.6	31.3	39
19	2	0	4.1	5.7	6	10.2	11.9	14.8	22	31.6	39.7
19	3	0	3.7	6.3	5.9	10.3	11.4	14.2	21.7	31.4	39.3
20	1	0	5.4	9.2	11.8	17.1	24	27.7	29.8	32	37
20	2	0	6.2	9	11.1	17.8	23.9	27.5	29.5	31	36.7
20	3	0	5.4	8.7	10.4	17.3	24.3	28	30	32.4	35.9
21	1	0	3	5.2	7.7	8.1	18	20	20.2	12.2	11
21	2	0	2.1	5	7.4	8	18.3	20.1	20.4	12.7	11.3
21	3	0	3.2	5.6	8.2	8.3	19.3	20.7	20.3	12.4	11.2
22	1	2	3.8	4.3	7.3	9.5	13	12	9.5	8.8	7.2
22	2	1.4	4.2	4.3	7.5	9.6	13.6	12	9.8	9	7.1
22	3	1.6		4.1	7	9.2	13.2	12.4	9.1	8.5	7.4
23	1	0	4.3	7.1	11.5	15.4	23.6	24.9	29.6	32.4	38
23	2	0	4.6	7	12.1	15.7	23.8	25	30	33	38.4
23	3	0	3.8	7.5	11.7	15.1	24	24.4	29.5	32.5	38.7
24	1	0	0	2.2	6.3	9.5	20.5	25.8	17.2	11.9	8
24	2	0	0	2.4	6.1	9.4	20.7	25.5	17.3	12	7.8
24	3	0	0	2.3	6.6	9.2	20.6	26	17.8	11.4	7.7
25	1	0	3.8	8.1	12.3	13	19.8	24.1	29	37.6	45
25	2	0	3.2	7.9	12.1	13.5	20	24.5	29.1	37.2	44.8
25	3	0	4.1	8.4	12.6	12.9	21.3	25	29.4	37.4	45.4
26	1	0	2.3	3.7	5.1	8.7	14.5	17.5	21.2	25	29
26	2	0	2.5	4	4.9	8.5	14.3	17.9	21.7	25.6	29.5
26	3	0	3.2	3.7	5.4	8.4	14.7	17.6	21.4	25.1	28.5
27	1	0	0	1.5	3.4	5.8	13.4	21.8	23.6	29.6	32.4
27	2	0	0	2.1	3.5	6.2	13.6	21.6	24	29.3	32.1
27	3	0	0	1.4	4	6.7	14	22	23.4	29.5	32.3
28	1	0	5.5	6.9	12	14.4	25.8	29	31.4	37.8	40
28	2	0	4.9	7.3	12.3	14.7	26	28.9	31	37.8	40.6
28	3	0	5.8	7.2	11.6	14.1	26.3	29.4	31.7	37.4	40.1
29	1	0	0	2.2	6.3	9.5	14.7	19.4	22.5	26	28
29	2	0	0	2	6.2	9.8	14.6	19.5	22.1	26.4	28.8
29	3	0	0	2.5	6.7	10.1	15.9	19.3	22.8	25.5	28.3
30	1	0	3.8	4.6	5.8	7.1	11.9	14.5	24.4	33.9	45
30	2	0	3.2	4.6	6.4	7	12.2	14.7	23.9	33.2	44.8
30	3	0	4.1	4.2	6	7.4	12	14.5	24.6	33.6	45.3
31	1	0	3	4	8.1	14.5	17.3	22.9	28.1	34.6	37
31	2	0	2.8	4.3	8	15.1	18	22.4	28	34.9	37.7
31	3	0	3.4	4.2	7.6	14.3	17.3	22.3	28.3	34.5	37.1
32	1	0	2.3	5.1	7.2	15.4	24.4	26	30.5	33.3	36.2
32	2	0	2.6	5	7	15.8	24.1	25.7	30.6	33.1	35.6
32	3	0	2.1	5.6	6.8	15.1	24.8	25.9	31	33.7	36.8
33	1	0	4	7.7	9.5	15.8	22	29.9	33	42.4	50
33	2	0	3.8	7.9	9.8	16	21.5	30	33.1	42.9	50.2
33	3	0	4.3	6.6	10.1	15.5	21.1	29.3	33.6	42.3	50.4
34	1	0	1.7	3.9	7.9	10.2	15	19.6	29.7	34.6	41.6
34	2	0	2.2	4.6	8.4	10.4	15	20.1	30	34.7	41.3
34	3	0	1.8	4.4	8	10.4	15.4	20.5	29.4	34.5	41.5
35	1	0	0	5.2	7.4	8.2	9	14.4	22.8	29.4	34
35	2	0	0	5	7.1	8.4	8.4	14.7	22.4	29.5	33.2
35	3	0	0	5.2	7.5	8.7	9.4	14.2	23	29.8	33.6
36	1	0	0	2	3.7	6.6	8.1	10.9	18.9	26.8	36.8
36	2	0	0	1.9	4	6.8	8.5	11.3	19.4	26.9	37.1
36	3	0	0	2.4	3.8	6.3	7.8	10.7	19	26.5	36.3
37	1	0	3.3	5.4	7.8	12.9	19.8	24	28.7	33.3	38.8
37	2	0	3.5	5.5	7.6	13.2	20	24.1	29	33.2	38.7
37	3	0	2.9	4.7	8	13.4	20.4	24.7	29.3	33.5	38.5
38	1	0	0	1.3	4.1	7.3	10	12	13.7	15.4	16.1
38	2	0	0	1	3.8	7.2	9.5	11.8	13.8	15.2	16
38	3	0	0	1.6	4	7.7	9.8	12.3	14	15.4	17.1
39	1	0	0	2.9	6.3	10.3	12.7	17.7	23.6	29.2	31.4
39	2	0	0	3.7	6.5	10.1	12.3	17.3	24	29.4	31.5
39	3	0	0	2.6	6.1	10.5	12.4	18.1	23.9	29.8	31.8
40	1	0	1.7	3.9	7	10.2	15	19.3	26.2	34.9	41.6
40	2	0	2.1	4.1	7.4	10	15.7	19.2	26.1	34.8	41.3
40	3	0	1.5	4	7.1	10.6	15.4	18.9	26	34.3	41.4
41	1	0	6.9	10.1	15.4	20.2	25.4	27.9	30.3	34.5	37
41	2	0	7.1	11	14.9	20.6	26	27.3	30.1	34.9	37.3
41	3	0	6.8	10.4	15.2	20.3	25.3	27.5	30.4	34.2	37.2
42	1	0	0	4.9	9	13.6	17.5	19.6	24.1	29	35
42	2	0	0	5	8.4	14.1	18.1	19.1	24.3	28.7	35.1
42	3	0	0	5.3	8.3	13.6	17.9	19.2	24	29	35.4
43	1	0	3.4	6.8	9.8	11.3	16.8	20.8	26.3	34.2	44
43	2	0	3.2	7.1	9.1	11.7	17.4	20.3	26.3	34.2	44.2
43	3	0	3.1	7.9	9.4	11.1	16.4	21.3	26.6	34.6	44.4
44	1	0	5.4	6.7	8.8	11	15.4	19.9	24.7	26	29.8
44	2	0	5.1	7	8.6	11.4	15.7	20.2	25	26.6	29.3
44	3	0	5.6	6.4	8.6	11.5	15.8	19.5	24.6	26.3	30.3
45	1	6	7.5	9.2	10.8	12.8	21.6	28.3	30.9	37.5	42.9
45	2	5.8	7.9	9	10.6	13	22.2	28.6	30.5	37.8	42.7
45	3	5.1	6.4	8.5	11.2	13.2	21.8	28.4	31	37.4	43
46	1	0	3.2	4.3	10.3	19.5	27.8	23	15.5	4.1	0
46	2	0	2.8	4.1	10.5	20	27.5	23	16	4.7	0.3
46	3	0	3.2	4	10.1	19.8	28.2	23.4	15.7	5.1	0
47	1	0	5	7	8.9	11.4	17	19.8	20.9	27.6	31
47	2	0	4.3	7.4	8.4	11.7	16.8	19.4	21	27.4	31.4
47	3	0	5.4	7.1	9	11.5	17.3	20.2	20.4	27.6	31.5
48	1	5.2	6.2	7	10.5	13.8	18.8	21.8	25.1	29.8	33.2
48	2	5.8	6.3	7.2	10	14.2	18.4	21.4	25	30.1	33.5
48	3	4.6	5.6	7.5	10.1	13.4	18.1	22.5	25.7	30.4	33.4
49	1	0	5	7.4	8.2	11.8	20.1	28.7	33.5	39.9	46
49	2	0	4.8	6.9	8	11.4	20.6	29	34	39.8	46.4
49	3	0	4.7	7.3	7.8	12.7	20.3	29.4	33.8	40.1	46.2